th	phi	th1	phi1	sign_l
1.5707963267948966	-3.141592653589793	-7.941350418702464e-17	1.5707963267948966	-1.0
1.5707963267948966	-3.135769497605382	-0.003776142226611464	1.5707963267948966	-1.0
1.5707963267948966	-3.129946341620971	-0.00755254705910127	1.5707963267948966	-1.0
1.5707963267948966	-3.12412318563656	-0.011329477130362198	1.5707963267948966	-1.0
1.5707963267948966	-3.118300029652149	-0.015107195170434112	1.5707963267948966	-1.0
1.5707963267948966	-3.1124768736677377	-0.01888596286352665	1.5707963267948966	-1.0
1.5707963267948966	-3.1066537176833267	-0.022666043561389293	1.5707963267948966	-1.0
1.5707963267948966	-3.100830561698915	-0.026447700831378894	1.5707963267948966	-1.0
1.5707963267948966	-3.095007405714504	-0.03023129435162813	1.5707963267948966	-1.0
1.5707963267948966	-3.089184249730093	-0.03401690890935484	1.5707963267948966	-1.0
1.5707963267948966	-3.083361093745682	-0.037805012955436916	1.5707963267948966	-1.0
1.5707963267948966	-3.077537937761271	-0.04159564482810738	1.5707963267948966	-1.0
1.5707963267948966	-3.0717147817768597	-0.045389178546455994	1.5707963267948966	-1.0
1.5707963267948966	-3.0658916257924487	-0.04918603695103858	1.5707963267948966	-1.0
1.5707963267948966	-3.0600684698080376	-0.05298635637295922	1.5707963267948966	-1.0
1.5707963267948966	-3.0542453138236265	-0.05679022657531809	1.5707963267948966	-1.0
1.5707963267948966	-3.0484221578392154	-0.06059826410582087	1.5707963267948966	-1.0
1.5707963267948966	-3.0425990018548044	-0.06441036080046453	1.5707963267948966	-1.0
1.5707963267948966	-3.0367758458703933	-0.06822721479983544	1.5707963267948966	-1.0
1.5707963267948966	-3.030952689885982	-0.0720488787998232	1.5707963267948966	-1.0
1.5707963267948966	-3.025129533901571	-0.07587563564625618	1.5707963267948966	-1.0
1.5707963267948966	-3.0193063779171596	-0.07970776234308008	1.5707963267948966	-1.0
1.5707963267948966	-3.0134832219327485	-0.08354527440718666	1.5707963267948966	-1.0
1.5707963267948966	-3.0076600659483375	-0.08738896480792759	1.5707963267948966	-1.0
1.5707963267948966	-3.0018369099639264	-0.09123885439881285	1.5707963267948966	-1.0
1.5707963267948966	-2.9960137539795153	-0.09509526242211118	1.5707963267948966	-1.0
1.5707963267948966	-2.9901905979951042	-0.09895844030127553	1.5707963267948966	-1.0
1.5707963267948966	-2.984367442010693	-0.10282900488980602	1.5707963267948966	-1.0
1.5707963267948966	-2.978544286026282	-0.10670661371015544	1.5707963267948966	-1.0
1.5707963267948966	-2.972721130041871	-0.11059186697562522	1.5707963267948966	-1.0
1.5707963267948966	-2.96689797405746	-0.11448506512207984	1.5707963267948966	-1.0
1.5707963267948966	-2.961074818073049	-0.11838650531733379	1.5707963267948966	-1.0
1.5707963267948966	-2.9552516620886378	-0.12229685930663911	1.5707963267948966	-1.0
1.5707963267948966	-2.9494285061042267	-0.12621567869690228	1.5707963267948966	-1.0
1.5707963267948966	-2.9436053501198156	-0.1301436134639635	1.5707963267948966	-1.0
1.5707963267948966	-2.937782194135404	-0.13408146737289098	1.5707963267948966	-1.0
1.5707963267948966	-2.931959038150993	-0.138028648423111	1.5707963267948966	-1.0
1.5707963267948966	-2.926135882166582	-0.1419863348843993	1.5707963267948966	-1.0
1.5707963267948966	-2.920312726182171	-0.1459544066546762	1.5707963267948966	-1.0
1.5707963267948966	-2.91448957019776	-0.14993279264473283	1.5707963267948966	-1.0
1.5707963267948966	-2.9086664142133487	-0.15392265479145742	1.5707963267948966	-1.0
1.5707963267948966	-2.9028432582289376	-0.15792388497463758	1.5707963267948966	-1.0
1.5707963267948966	-2.8970201022445266	-0.16193632515952955	1.5707963267948966	-1.0
1.5707963267948966	-2.8911969462601155	-0.16596129121055392	1.5707963267948966	-1.0
1.5707963267948966	-2.8853737902757044	-0.16999862161973645	1.5707963267948966	-1.0
1.5707963267948966	-2.8795506342912933	-0.17404866099993951	1.5707963267948966	-1.0
1.5707963267948966	-2.8737274783068822	-0.17811176817651184	1.5707963267948966	-1.0
1.5707963267948966	-2.867904322322471	-0.18218826942392038	1.5707963267948966	-1.0
1.5707963267948966	-2.8620811663380596	-0.18627852388283522	1.5707963267948966	-1.0
1.5707963267948966	-2.856258010353649	-0.19038290329611163	1.5707963267948966	-1.0
1.5707963267948966	-2.8504348543692375	-0.19450174553991514	1.5707963267948966	-1.0
1.5707963267948966	-2.8446116983848264	-0.1986354316966643	1.5707963267948966	-1.0
1.5707963267948966	-2.8387885424004153	-0.20278494615900244	1.5707963267948966	-1.0
1.5707963267948966	-2.8329653864160043	-0.20694942654353024	1.5707963267948966	-1.0
1.5707963267948966	-2.827142230431593	-0.21112990323793815	1.5707963267948966	-1.0
1.5707963267948966	-2.821319074447182	-0.21532736552455944	1.5707963267948966	-1.0
1.5707963267948966	-2.815495918462771	-0.21954093576076422	1.5707963267948966	-1.0
1.5707963267948966	-2.80967276247836	-0.22377232603221586	1.5707963267948966	-1.0
1.5707963267948966	-2.803849606493949	-0.22802056402436344	1.5707963267948966	-1.0
1.5707963267948966	-2.798026450509538	-0.23228751677523393	1.5707963267948966	-1.0
1.5707963267948966	-2.7922032945251267	-0.23657281857134232	1.5707963267948966	-1.0
1.5707963267948966	-2.7863801385407156	-0.24087623419568802	1.5707963267948966	-1.0
1.5707963267948966	-2.7805569825563046	-0.24519958254655086	1.5707963267948966	-1.0
1.5707963267948966	-2.774733826571893	-0.24954261325186738	1.5707963267948966	-1.0
1.5707963267948966	-2.768910670587482	-0.25390575445532415	1.5707963267948966	-1.0
1.5707963267948966	-2.763087514603071	-0.2582894639456139	1.5707963267948966	-1.0
1.5707963267948966	-2.75726435861866	-0.26269418965025415	1.5707963267948966	-1.0
1.5707963267948966	-2.7514412026342487	-0.26712040234101964	1.5707963267948966	-1.0
1.5707963267948966	-2.7456180466498377	-0.27156856282867675	1.5707963267948966	-1.0
1.5707963267948966	-2.7397948906654266	-0.2760391637042843	1.5707963267948966	-1.0
1.5707963267948966	-2.7339717346810155	-0.2805334859690244	1.5707963267948966	-1.0
1.5707963267948966	-2.7281485786966044	-0.2850504367169838	1.5707963267948966	-1.0
1.5707963267948966	-2.7223254227121934	-0.28959126995736334	1.5707963267948966	-1.0
1.5707963267948966	-2.7165022667277823	-0.2941574347887143	1.5707963267948966	-1.0
1.5707963267948966	-2.710679110743371	-0.2987476856658691	1.5707963267948966	-1.0
1.5707963267948966	-2.70485595475896	-0.3033642958468893	1.5707963267948966	-1.0
1.5707963267948966	-2.6990327987745486	-0.30800695620849455	1.5707963267948966	-1.0
1.5707963267948966	-2.6932096427901375	-0.3126752858714296	1.5707963267948966	-1.0
1.5707963267948966	-2.6873864868057264	-0.31737172530567015	1.5707963267948966	-1.0
1.5707963267948966	-2.6815633308213154	-0.3220958615494726	1.5707963267948966	-1.0
1.5707963267948966	-2.6757401748369043	-0.3268483037773591	1.5707963267948966	-1.0
1.5707963267948966	-2.669917018852493	-0.3316296776693335	1.5707963267948966	-1.0
1.5707963267948966	-2.664093862868082	-0.3364405533663696	1.5707963267948966	-1.0
1.5707963267948966	-2.658270706883671	-0.34128153898292674	1.5707963267948966	-1.0
1.5707963267948966	-2.65244755089926	-0.3461533387131063	1.5707963267948966	-1.0
1.5707963267948966	-2.646624394914849	-0.3510565189809655	1.5707963267948966	-1.0
1.5707963267948966	-2.640801238930438	-0.35599274024783795	1.5707963267948966	-1.0
1.5707963267948966	-2.6349780829460268	-0.3609607269686368	1.5707963267948966	-1.0
1.5707963267948966	-2.6291549269616157	-0.36596313840632705	1.5707963267948966	-1.0
1.5707963267948966	-2.623331770977204	-0.3709986582980079	1.5707963267948966	-1.0
1.5707963267948966	-2.6175086149927935	-0.37607002573210385	1.5707963267948966	-1.0
1.5707963267948966	-2.611685459008382	-0.3811759300709607	1.5707963267948966	-1.0
1.5707963267948966	-2.605862303023971	-0.38631918890997086	1.5707963267948966	-1.0
1.5707963267948966	-2.60003914703956	-0.3914995165226148	1.5707963267948966	-1.0
1.5707963267948966	-2.5942159910551488	-0.39671769186726163	1.5707963267948966	-1.0
1.5707963267948966	-2.5883928350707377	-0.401974508267591	1.5707963267948966	-1.0
1.5707963267948966	-2.5825696790863266	-0.4072707739378318	1.5707963267948966	-1.0
1.5707963267948966	-2.5767465231019155	-0.4126073330510721	1.5707963267948966	-1.0
1.5707963267948966	-2.5709233671175045	-0.41798613841262644	1.5707963267948966	-1.0
1.5707963267948966	-2.5651002111330934	-0.4234058379751969	1.5707963267948966	-1.0
1.5707963267948966	-2.5592770551486823	-0.42886955321860964	1.5707963267948966	-1.0
1.5707963267948966	-2.5534538991642712	-0.4343759413771686	1.5707963267948966	-1.0
1.5707963267948966	-2.54763074317986	-0.4399282041555347	1.5707963267948966	-1.0
1.5707963267948966	-2.541807587195449	-0.44552616244598625	1.5707963267948966	-1.0
1.5707963267948966	-2.5359844312110376	-0.4511696205338339	1.5707963267948966	-1.0
1.5707963267948966	-2.530161275226627	-0.45686190837204754	1.5707963267948966	-1.0
1.5707963267948966	-2.5243381192422154	-0.46260288764303126	1.5707963267948966	-1.0
1.5707963267948966	-2.5185149632578043	-0.46839480644323606	1.5707963267948966	-1.0
1.5707963267948966	-2.5126918072733933	-0.4742363482940476	1.5707963267948966	-1.0
1.5707963267948966	-2.506868651288982	-0.4801298040774109	1.5707963267948966	-1.0
1.5707963267948966	-2.501045495304571	-0.48607753154619937	1.5707963267948966	-1.0
1.5707963267948966	-2.49522233932016	-0.49207823969703357	1.5707963267948966	-1.0
1.5707963267948966	-2.489399183335749	-0.4981355823568796	1.5707963267948966	-1.0
1.5707963267948966	-2.483576027351338	-0.5042495297943007	1.5707963267948966	-1.0
1.5707963267948966	-2.477752871366927	-0.5104214044621422	1.5707963267948966	-1.0
1.5707963267948966	-2.4719297153825157	-0.516652415898886	1.5707963267948966	-1.0
1.5707963267948966	-2.4661065593981046	-0.522943902060308	1.5707963267948966	-1.0
1.5707963267948966	-2.460283403413693	-0.5292972157846888	1.5707963267948966	-1.0
1.5707963267948966	-2.4544602474292825	-0.535713727046302	1.5707963267948966	-1.0
1.5707963267948966	-2.448637091444871	-0.5421962495482427	1.5707963267948966	-1.0
1.5707963267948966	-2.44281393546046	-0.5487435613927473	1.5707963267948966	-1.0
1.5707963267948966	-2.436990779476049	-0.5553598244831244	1.5707963267948966	-1.0
1.5707963267948966	-2.4311676234916377	-0.5620452821902249	1.5707963267948966	-1.0
1.5707963267948966	-2.4253444675072267	-0.5688015356023601	1.5707963267948966	-1.0
1.5707963267948966	-2.4195213115228156	-0.5756302091525136	1.5707963267948966	-1.0
1.5707963267948966	-2.4136981555384045	-0.5825330045591585	1.5707963267948966	-1.0
1.5707963267948966	-2.4078749995539934	-0.5895130328630147	1.5707963267948966	-1.0
1.5707963267948966	-2.4020518435695823	-0.5965693260643599	1.5707963267948966	-1.0
1.5707963267948966	-2.3962286875851713	-0.6037065135059105	1.5707963267948966	-1.0
1.5707963267948966	-2.39040553160076	-0.6109250688511739	1.5707963267948966	-1.0
1.5707963267948966	-2.3845823756163487	-0.61822702315642	1.5707963267948966	-1.0
1.5707963267948966	-2.378759219631938	-0.6256143134703936	1.5707963267948966	-1.0
1.5707963267948966	-2.3729360636475265	-0.6330904896328591	1.5707963267948966	-1.0
1.5707963267948966	-2.367112907663116	-0.6406548186350828	1.5707963267948966	-1.0
1.5707963267948966	-2.3612897516787044	-0.6483123847760709	1.5707963267948966	-1.0
1.5707963267948966	-2.3554665956942933	-0.6560640397618083	1.5707963267948966	-1.0
1.5707963267948966	-2.349643439709882	-0.6639121228858904	1.5707963267948966	-1.0
1.5707963267948966	-2.343820283725471	-0.6718590683038216	1.5707963267948966	-1.0
1.5707963267948966	-2.33799712774106	-0.6799073843130022	1.5707963267948966	-1.0
1.5707963267948966	-2.332173971756649	-0.6880611386211415	1.5707963267948966	-1.0
1.5707963267948966	-2.326350815772238	-0.6963215340134161	1.5707963267948966	-1.0
1.5707963267948966	-2.320527659787827	-0.7046898204150946	1.5707963267948966	-1.0
1.5707963267948966	-2.3147045038034157	-0.7131734040603194	1.5707963267948966	-1.0
1.5707963267948966	-2.3088813478190047	-0.7217706922499781	1.5707963267948966	-1.0
1.5707963267948966	-2.3030581918345936	-0.730487783358376	1.5707963267948966	-1.0
1.5707963267948966	-2.297235035850182	-0.7393247912396786	1.5707963267948966	-1.0
1.5707963267948966	-2.2914118798657714	-0.7482880581579041	1.5707963267948966	-1.0
1.5707963267948966	-2.28558872388136	-0.7573794462174017	1.5707963267948966	-1.0
1.5707963267948966	-2.279765567896949	-0.7666040309709307	1.5707963267948966	-1.0
1.5707963267948966	-2.2739424119125378	-0.7759638981410948	1.5707963267948966	-1.0
1.5707963267948966	-2.2681192559281267	-0.7854612812762668	1.5707963267948966	-1.0
1.5707963267948966	-2.2622960999437156	-0.7951047939615088	1.5707963267948966	-1.0
1.5707963267948966	-2.2564729439593045	-0.8048937763698819	1.5707963267948966	-1.0
1.5707963267948966	-2.2506497879748935	-0.8148356211817694	1.5707963267948966	-1.0
1.5707963267948966	-2.2448266319904824	-0.8249331321298374	1.5707963267948966	-1.0
1.5707963267948966	-2.2390034760060713	-0.8351908527298011	1.5707963267948966	-1.0
1.5707963267948966	-2.2331803200216602	-0.8456135061237952	1.5707963267948966	-1.0
1.5707963267948966	-2.227357164037249	-0.8562076538445133	1.5707963267948966	-1.0
1.5707963267948966	-2.2215340080528376	-0.8669767755895192	1.5707963267948966	-1.0
1.5707963267948966	-2.215710852068427	-0.8779278531568189	1.5707963267948966	-1.0
1.5707963267948966	-2.2098876960840155	-0.8890631346839318	1.5707963267948966	-1.0
1.5707963267948966	-2.2040645400996044	-0.9003916840955363	1.5707963267948966	-1.0
1.5707963267948966	-2.1982413841151933	-0.911917888369399	1.5707963267948966	-1.0
1.5707963267948966	-2.1924182281307822	-0.9236496728485046	1.5707963267948966	-1.0
1.5707963267948966	-2.186595072146371	-0.9355919241040719	1.5707963267948966	-1.0
1.5707963267948966	-2.18077191616196	-0.9477514691549251	1.5707963267948966	-1.0
1.5707963267948966	-2.174948760177549	-0.9601371305313664	1.5707963267948966	-1.0
1.5707963267948966	-2.169125604193138	-0.972754676489757	1.5707963267948966	-1.0
1.5707963267948966	-2.163302448208727	-0.9856135999543919	1.5707963267948966	-1.0
1.5707963267948966	-2.157479292224316	-0.9987203519875011	1.5707963267948966	-1.0
1.5707963267948966	-2.1516561362399047	-1.0120834566632253	1.5707963267948966	-1.0
1.5707963267948966	-2.1458329802554936	-1.0257135694293347	1.5707963267948966	-1.0
1.5707963267948966	-2.1400098242710826	-1.0396183341586622	1.5707963267948966	-1.0
1.5707963267948966	-2.134186668286671	-1.0538075492576633	1.5707963267948966	-1.0
1.5707963267948966	-2.1283635123022604	-1.0682932824898987	1.5707963267948966	-1.0
1.5707963267948966	-2.122540356317849	-1.0830863355366458	1.5707963267948966	-1.0
1.5707963267948966	-2.1167172003334382	-1.0981963371779062	1.5707963267948966	-1.0
1.5707963267948966	-2.1108940443490267	-1.1136352323492182	1.5707963267948966	-1.0
1.5707963267948966	-2.1050708883646156	-1.1294173583443345	1.5707963267948966	-1.0
1.5707963267948966	-2.0992477323802046	-1.1455559715618322	1.5707963267948966	-1.0
1.5707963267948966	-2.0934245763957935	-1.162063258902699	1.5707963267948966	-1.0
1.5707963267948966	-2.0876014204113824	-1.1789557266181512	1.5707963267948966	-1.0
1.5707963267948966	-2.0817782644269713	-1.1962471365415115	1.5707963267948966	-1.0
1.5707963267948966	-2.0759551084425603	-1.2139557116186925	1.5707963267948966	-1.0
1.5707963267948966	-2.0701319524581487	-1.232098830201077	1.5707963267948966	-1.0
1.5707963267948966	-2.064308796473738	-1.2506930957467248	1.5707963267948966	-1.0
1.5707963267948966	-2.0584856404893266	-1.2697598022056098	1.5707963267948966	-1.0
1.5707963267948966	-2.052662484504916	-1.2893196416638666	1.5707963267948966	-1.0
1.5707963267948966	-2.0468393285205044	-1.3093927565864565	1.5707963267948966	-1.0
1.5707963267948966	-2.041016172536094	-1.330004321954193	1.5707963267948966	-1.0
1.5707963267948966	-2.0351930165516823	-1.351179198191377	1.5707963267948966	-1.0
1.5707963267948966	-2.029369860567271	-1.3729438775997027	1.5707963267948966	-1.0
1.5707963267948966	-2.02354670458286	-1.3953266305194953	1.5707963267948966	-1.0
1.5707963267948966	-2.017723548598449	-1.4183558017808742	1.5707963267948966	-1.0
1.5707963267948966	-2.011900392614038	-1.4420674120998465	1.5707963267948966	-1.0
1.5707963267948966	-2.006077236629627	-1.4664923679950546	1.5707963267948966	-1.0
1.5707963267948966	-2.000254080645216	-1.4916715513915855	1.5707963267948966	-1.0
1.5707963267948966	-1.9944309246608047	-1.5176411532182894	1.5707963267948966	-1.0
1.5707963267948966	-1.9886077686763934	-1.5444479103196467	1.5707963267948966	-1.0
1.5707963267948966	-1.9827846126919824	-1.5721363167529683	1.5707963267948966	-1.0
1.5707963267948966	-1.9769614567075713	-1.6007564676010633	1.5707963267948966	-1.0
1.5707963267948966	-1.9711383007231602	-1.6303625958118186	1.5707963267948966	-1.0
1.5707963267948966	-1.9653151447387491	-1.6610135374188102	1.5707963267948966	-1.0
1.5707963267948966	-1.959491988754338	-1.6927751612898452	1.5707963267948966	-1.0
1.5707963267948966	-1.953668832769927	-1.7257152804636142	1.5707963267948966	-1.0
1.5707963267948966	-1.9478456767855157	-1.7599119613277103	1.5707963267948966	-1.0
1.5707963267948966	-1.9420225208011046	-1.7954467073242373	1.5707963267948966	-1.0
1.5707963267948966	-1.9361993648166935	-1.8324130578579307	1.5707963267948966	-1.0
1.5707963267948966	-1.9303762088322824	-1.8709119589719079	1.5707963267948966	-1.0
1.5707963267948966	-1.9245530528478714	-1.9110549775281576	1.5707963267948966	-1.0
1.5707963267948966	-1.9187298968634603	-1.9529639124552625	1.5707963267948966	-1.0
1.5707963267948966	-1.9129067408790492	-1.9967784255608005	1.5707963267948966	-1.0
1.5707963267948966	-1.907083584894638	-2.0426544014807226	1.5707963267948966	-1.0
1.5707963267948966	-1.9012604289102268	-2.0907627143370213	1.5707963267948966	-1.0
1.5707963267948966	-1.8954372729258158	-2.1412982660458364	1.5707963267948966	-1.0
1.5707963267948966	-1.8896141169414047	-2.1944820245109495	1.5707963267948966	-1.0
1.5707963267948966	-1.8837909609569936	-2.250569844670115	1.5707963267948966	-1.0
1.5707963267948966	-1.8779678049725825	-2.3098468766733244	1.5707963267948966	-1.0
1.5707963267948966	-1.8721446489881712	-2.372649005859806	1.5707963267948966	-1.0
1.5707963267948966	-1.8663214930037602	-2.4393649693348656	1.5707963267948966	-1.0
1.5707963267948966	-1.860498337019349	-2.510451189497704	1.5707963267948966	-1.0
1.5707963267948966	-1.854675181034938	-2.5864507213810906	1.5707963267948966	-1.0
1.5707963267948966	-1.848852025050527	-2.6680120383781634	1.5707963267948966	-1.0
1.5707963267948966	-1.8430288690661158	-2.755922029135922	1.5707963267948966	-1.0
1.5707963267948966	-1.8372057130817048	-2.8511512873881992	1.5707963267948966	-1.0
1.5707963267948966	-1.8313825570972935	-2.9549101274917935	1.5707963267948966	-1.0
1.5707963267948966	-1.8255594011128824	-3.0687478128133323	1.5707963267948966	-1.0
1.5707963267948966	-1.8197362451284713	-3.1946878007882114	1.5707963267948966	-1.0
1.5707963267948966	-1.8139130891440602	-3.335446898212909	1.5707963267948966	-1.0
1.5707963267948966	-1.8080899331596492	-3.494808611592535	1.5707963267948966	-1.0
1.5707963267948966	-1.802266777175238	-3.6782757486018807	1.5707963267948966	-1.0
1.5707963267948966	-1.796443621190827	-3.8943389555700216	1.5707963267948966	-1.0
1.5707963267948966	-1.7906204652064157	-4.157187946852762	1.5707963267948966	-1.0
1.5707963267948966	-1.7847973092220046	-4.493480356011416	1.5707963267948966	-1.0
1.5707963267948966	-1.7789741532375936	-4.963823278333687	1.5707963267948966	-1.0
1.5707963267948966	-1.7731509972531825	-5.77052780978334	1.5707963267948966	-1.0
1.5707963267948966	-1.7673278412687714	-8.013722437122306	1.5707963267948966	1.0
1.5707963267948966	-1.7615046852843603	-5.749071430660645	1.5707963267948966	1.0
1.5707963267948966	-1.7556815292999493	-5.16931289533497	1.5707963267948966	1.0
1.5707963267948966	-1.749858373315538	-4.833502706441084	1.5707963267948966	1.0
1.5707963267948966	-1.7440352173311269	-4.599773541752546	1.5707963267948966	1.0
1.5707963267948966	-1.7382120613467158	-4.421851664253905	1.5707963267948966	1.0
1.5707963267948966	-1.7323889053623047	-4.278871970866877	1.5707963267948966	1.0
1.5707963267948966	-1.7265657493778936	-4.1596631913805355	1.5707963267948966	1.0
1.5707963267948966	-1.7207425933934826	-4.057564449289448	1.5707963267948966	1.0
1.5707963267948966	-1.7149194374090715	-3.9682799147264025	1.5707963267948966	1.0
1.5707963267948966	-1.7090962814246602	-3.888883740697121	1.5707963267948966	1.0
1.5707963267948966	-1.7032731254402491	-3.8172809973625172	1.5707963267948966	1.0
1.5707963267948966	-1.697449969455838	-3.751928301592162	1.5707963267948966	1.0
1.5707963267948966	-1.691626813471427	-3.691632329666128	1.5707963267948966	1.0
1.5707963267948966	-1.6858036574870159	-3.6354586597347653	1.5707963267948966	1.0
1.5707963267948966	-1.6799805015026048	-3.582639677500407	1.5707963267948966	1.0
1.5707963267948966	-1.6741573455181937	-3.5325295223416417	1.5707963267948966	1.0
1.5707963267948966	-1.6683341895337824	-3.4845684601906974	1.5707963267948966	1.0
1.5707963267948966	-1.6625110335493714	-3.4382426646434463	1.5707963267948966	1.0
1.5707963267948966	-1.6566878775649603	-3.393065951477392	1.5707963267948966	1.0
1.5707963267948966	-1.6508647215805492	-3.3485471654897347	1.5707963267948966	1.0
1.5707963267948966	-1.6450415655961381	-3.304170228353663	1.5707963267948966	1.0
1.5707963267948966	-1.639218409611727	-3.2593471917825263	1.5707963267948966	1.0
1.5707963267948966	-1.633395253627316	-3.213380182293838	1.5707963267948966	1.0
1.5707963267948966	-1.6275720976429047	-3.1653772430562044	1.5707963267948966	1.0
1.5707963267948966	-1.6217489416584936	-3.114152291176398	1.5707963267948966	1.0
1.5707963267948966	-1.6159257856740825	-3.0580223568190794	1.5707963267948966	1.0
1.5707963267948966	-1.6101026296896714	-2.9944772806332978	1.5707963267948966	1.0
1.5707963267948966	-1.6042794737052604	-2.9195531058240047	1.5707963267948966	1.0
1.5707963267948966	-1.5984563177208493	-2.826590740213581	1.5707963267948966	1.0
1.5707963267948966	-1.5926331617364382	-2.703614842199588	1.5707963267948966	1.0
1.5707963267948966	-1.586810005752027	-2.52768039636483	1.5707963267948966	1.0
1.5707963267948966	-1.5809868497676158	-2.254195214196898	1.5707963267948966	1.0
1.5707963267948966	-1.5751636937832048	-1.817701228529819	1.5707963267948966	1.0
1.5707963267948966	-1.5693405377987937	-1.2549257231545545	1.5707963267948966	1.0
1.5707963267948966	-1.5635173818143826	-0.8103854607054771	1.5707963267948966	1.0
1.5707963267948966	-1.5576942258299715	-0.5566181921599596	1.5707963267948966	1.0
1.5707963267948966	-1.5518710698455604	-0.413753678607354	1.5707963267948966	1.0
1.5707963267948966	-1.5460479138611491	-0.3263691270054126	1.5707963267948966	1.0
1.5707963267948966	-1.540224757876738	-0.2684552820558427	1.5707963267948966	1.0
1.5707963267948966	-1.534401601892327	-0.22758171902844254	1.5707963267948966	1.0
1.5707963267948966	-1.528578445907916	-0.19731108219211313	1.5707963267948966	1.0
1.5707963267948966	-1.5227552899235048	-0.1740430726027427	1.5707963267948966	1.0
1.5707963267948966	-1.5169321339390938	-0.15561969272361487	1.5707963267948966	1.0
1.5707963267948966	-1.5111089779546827	-0.14068552177150528	1.5707963267948966	1.0
1.5707963267948966	-1.5052858219702714	-0.12833921215210117	1.5707963267948966	1.0
1.5707963267948966	-1.4994626659858603	-0.11796539909614225	1.5707963267948966	1.0
1.5707963267948966	-1.4936395100014492	-0.10913034817572875	1.5707963267948966	1.0
1.5707963267948966	-1.4878163540170382	-0.10151154299629113	1.5707963267948966	1.0
1.5707963267948966	-1.481993198032627	-0.09487908914194114	1.5707963267948966	1.0
1.5707963267948966	-1.476170042048216	-0.08905127006465569	1.5707963267948966	1.0
1.5707963267948966	-1.470346886063805	-0.0838896570338085	1.5707963267948966	1.0
1.5707963267948966	-1.4645237300793936	-0.07928816435187853	1.5707963267948966	1.0
1.5707963267948966	-1.4587005740949825	-0.07515868568103606	1.5707963267948966	1.0
1.5707963267948966	-1.4528774181105715	-0.0714328612897162	1.5707963267948966	1.0
1.5707963267948966	-1.4470542621261604	-0.06805277984255773	1.5707963267948966	1.0
1.5707963267948966	-1.4412311061417493	-0.0649727471147454	1.5707963267948966	1.0
1.5707963267948966	-1.4354079501573382	-0.06215754834565477	1.5707963267948966	1.0
1.5707963267948966	-1.4295847941729272	-0.05956890380832994	1.5707963267948966	1.0
1.5707963267948966	-1.4237616381885159	-0.05718486623530569	1.5707963267948966	1.0
1.5707963267948966	-1.4179384822041048	-0.054980692112489495	1.5707963267948966	1.0
1.5707963267948966	-1.4121153262196937	-0.05293639517942807	1.5707963267948966	1.0
1.5707963267948966	-1.4062921702352826	-0.05103423223803395	1.5707963267948966	1.0
1.5707963267948966	-1.4004690142508716	-0.04926035298904721	1.5707963267948966	1.0
1.5707963267948966	-1.3946458582664605	-0.047602460433006574	1.5707963267948966	1.0
1.5707963267948966	-1.3888227022820492	-0.046049564882190745	1.5707963267948966	1.0
1.5707963267948966	-1.382999546297638	-0.04459178350818069	1.5707963267948966	1.0
1.5707963267948966	-1.377176390313227	-0.043222195596140704	1.5707963267948966	1.0
1.5707963267948966	-1.371353234328816	-0.04192862681383362	1.5707963267948966	1.0
1.5707963267948966	-1.3655300783444049	-0.04070767494604514	1.5707963267948966	1.0
1.5707963267948966	-1.3597069223599938	-0.03955450738477755	1.5707963267948966	1.0
1.5707963267948966	-1.3538837663755827	-0.038460782955383695	1.5707963267948966	1.0
1.5707963267948966	-1.3480606103911714	-0.03742464771477634	1.5707963267948966	1.0
1.5707963267948966	-1.3422374544067603	-0.0364406161442674	1.5707963267948966	1.0
1.5707963267948966	-1.3364142984223493	-0.03550355409320396	1.5707963267948966	1.0
1.5707963267948966	-1.3305911424379382	-0.034610635960509395	1.5707963267948966	1.0
1.5707963267948966	-1.3247679864535271	-0.03375929981876797	1.5707963267948966	1.0
1.5707963267948966	-1.318944830469116	-0.03294721697676224	1.5707963267948966	1.0
1.5707963267948966	-1.313121674484705	-0.03217027567785578	1.5707963267948966	1.0
1.5707963267948966	-1.3072985185002937	-0.03142654682669772	1.5707963267948966	1.0
1.5707963267948966	-1.3014753625158826	-0.030714265539183577	1.5707963267948966	1.0
1.5707963267948966	-1.2956522065314715	-0.0300318138153604	1.5707963267948966	1.0
1.5707963267948966	-1.2898290505470604	-0.029377704976064813	1.5707963267948966	1.0
1.5707963267948966	-1.2840058945626494	-0.028748596242249624	1.5707963267948966	1.0
1.5707963267948966	-1.2781827385782383	-0.02814520560929099	1.5707963267948966	1.0
1.5707963267948966	-1.2723595825938272	-0.0275624329955305	1.5707963267948966	1.0
1.5707963267948966	-1.266536426609416	-0.027003145556811683	1.5707963267948966	1.0
1.5707963267948966	-1.2607132706250048	-0.0264624226719733	1.5707963267948966	1.0
1.5707963267948966	-1.2548901146405937	-0.025941311344709644	1.5707963267948966	1.0
1.5707963267948966	-1.2490669586561827	-0.025438957138433287	1.5707963267948966	1.0
1.5707963267948966	-1.2432438026717716	-0.024954564379362647	1.5707963267948966	1.0
1.5707963267948966	-1.2374206466873605	-0.0244854463543696	1.5707963267948966	1.0
1.5707963267948966	-1.2315974907029494	-0.02403286284926979	1.5707963267948966	1.0
1.5707963267948966	-1.2257743347185381	-0.023594229464545785	1.5707963267948966	1.0
1.5707963267948966	-1.219951178734127	-0.023168951769237292	1.5707963267948966	1.0
1.5707963267948966	-1.214128022749716	-0.022758401928019756	1.5707963267948966	1.0
1.5707963267948966	-1.208304866765305	-0.0223601216737556	1.5707963267948966	1.0
1.5707963267948966	-1.2024817107808938	-0.0219736218260897	1.5707963267948966	1.0
1.5707963267948966	-1.1966585547964828	-0.021598442758871742	1.5707963267948966	1.0
1.5707963267948966	-1.1908353988120717	-0.021234152179063503	1.5707963267948966	1.0
1.5707963267948966	-1.1850122428276604	-0.02088034307585781	1.5707963267948966	1.0
1.5707963267948966	-1.1791890868432493	-0.020536631822935355	1.5707963267948966	1.0
1.5707963267948966	-1.1733659308588382	-0.020202656418789877	1.5707963267948966	1.0
1.5707963267948966	-1.1675427748744271	-0.019878074851824648	1.5707963267948966	1.0
1.5707963267948966	-1.161719618890016	-0.01956067613723099	1.5707963267948966	1.0
1.5707963267948966	-1.155896462905605	-0.019253934398675617	1.5707963267948966	1.0
1.5707963267948966	-1.150073306921194	-0.018953789078139313	1.5707963267948966	1.0
1.5707963267948966	-1.1442501509367826	-0.01866185282321037	1.5707963267948966	1.0
1.5707963267948966	-1.1384269949523715	-0.01837599653928025	1.5707963267948966	1.0
1.5707963267948966	-1.1326038389679605	-0.018099713407956013	1.5707963267948966	1.0
1.5707963267948966	-1.1267806829835494	-0.017827178394393017	1.5707963267948966	1.0
1.5707963267948966	-1.1209575269991383	-0.017563756362571948	1.5707963267948966	1.0
1.5707963267948966	-1.1151343710147272	-0.017305522227849254	1.5707963267948966	1.0
1.5707963267948966	-1.1093112150303162	-0.01705413010705427	1.5707963267948966	1.0
1.5707963267948966	-1.103488059045905	-0.016807548377641854	1.5707963267948966	1.0
1.5707963267948966	-1.097664903061494	-0.016567438447311802	1.5707963267948966	1.0
1.5707963267948966	-1.091841747077083	-0.016331796516569897	1.5707963267948966	1.0
1.5707963267948966	-1.0860185910926714	-0.016102289190045815	1.5707963267948966	1.0
1.5707963267948966	-1.0801954351082603	-0.015876938581642127	1.5707963267948966	1.0
1.5707963267948966	-1.0743722791238492	-0.01565741439929252	1.5707963267948966	1.0
1.5707963267948966	-1.0685491231394382	-0.015441763238458852	1.5707963267948966	1.0
1.5707963267948966	-1.062725967155027	-0.015231655787749453	1.5707963267948966	1.0
1.5707963267948966	-1.056902811170616	-0.015025162128495737	1.5707963267948966	1.0
1.5707963267948966	-1.051079655186205	-0.01482216673840766	1.5707963267948966	1.0
1.5707963267948966	-1.0452564992017939	-0.014624338967805059	1.5707963267948966	1.0
1.5707963267948966	-1.0394333432173828	-0.014429781767505647	1.5707963267948966	1.0
1.5707963267948966	-1.0336101872329717	-0.014240161830653733	1.5707963267948966	1.0
1.5707963267948966	-1.0277870312485606	-0.01405360304494555	1.5707963267948966	1.0
1.5707963267948966	-1.0219638752641496	-0.013870013290926651	1.5707963267948966	1.0
1.5707963267948966	-1.0161407192797385	-0.01368930379234416	1.5707963267948966	1.0
1.5707963267948966	-1.0103175632953274	-0.013513132855964739	1.5707963267948966	1.0
1.5707963267948966	-1.0044944073109159	-0.013339663844211468	1.5707963267948966	1.0
1.5707963267948966	-0.9986712513265048	-0.013170549123325027	1.5707963267948966	1.0
1.5707963267948966	-0.9928480953420937	-0.013003970917238435	1.5707963267948966	1.0
1.5707963267948966	-0.9870249393576827	-0.012839857920947585	1.5707963267948966	1.0
1.5707963267948966	-0.9812017833732716	-0.012678141282934693	1.5707963267948966	1.0
1.5707963267948966	-0.9753786273888605	-0.012520458180004204	1.5707963267948966	1.0
1.5707963267948966	-0.9695554714044494	-0.012365028593053981	1.5707963267948966	1.0
1.5707963267948966	-0.9637323154200383	-0.01221179171326786	1.5707963267948966	1.0
1.5707963267948966	-0.9579091594356273	-0.012060688752436013	1.5707963267948966	1.0
1.5707963267948966	-0.9520860034512162	-0.011913339120585993	1.5707963267948966	1.0
1.5707963267948966	-0.9462628474668051	-0.011767998914125936	1.5707963267948966	1.0
1.5707963267948966	-0.940439691482394	-0.011624616086500589	1.5707963267948966	1.0
1.5707963267948966	-0.934616535497983	-0.011483140264944666	1.5707963267948966	1.0
1.5707963267948966	-0.9287933795135719	-0.011343522681407356	1.5707963267948966	1.0
1.5707963267948966	-0.9229702235291604	-0.011207357642682903	1.5707963267948966	1.0
1.5707963267948966	-0.9171470675447493	-0.01107294495779232	1.5707963267948966	1.0
1.5707963267948966	-0.9113239115603382	-0.010940241332197757	1.5707963267948966	1.0
1.5707963267948966	-0.9055007555759271	-0.010809204809174156	1.5707963267948966	1.0
1.5707963267948966	-0.899677599591516	-0.010681406412828134	1.5707963267948966	1.0
1.5707963267948966	-0.893854443607105	-0.01055518069498378	1.5707963267948966	1.0
1.5707963267948966	-0.8880312876226939	-0.010428894682902604	1.5707963267948966	1.0
1.5707963267948966	-0.8822081316382828	-0.010305711049742145	1.5707963267948966	1.0
1.5707963267948966	-0.8763849756538717	-0.010185571949477279	1.5707963267948966	1.0
1.5707963267948966	-0.8705618196694607	-0.010065274713115004	1.5707963267948966	1.0
1.5707963267948966	-0.8647386636850496	-0.009946374328562286	1.5707963267948966	1.0
1.5707963267948966	-0.8589155077006385	-0.00983039724640448	1.5707963267948966	1.0
1.5707963267948966	-0.8530923517162274	-0.009715739266729787	1.5707963267948966	1.0
1.5707963267948966	-0.8472691957318164	-0.009602370859092818	1.5707963267948966	1.0
1.5707963267948966	-0.8414460397474048	-0.00949026333396049	1.5707963267948966	1.0
1.5707963267948966	-0.8356228837629938	-0.009379388813028605	1.5707963267948966	1.0
1.5707963267948966	-0.8297997277785827	-0.009271237989851331	1.5707963267948966	1.0
1.5707963267948966	-0.8239765717941716	-0.009162741920129617	1.5707963267948966	1.0
1.5707963267948966	-0.8181534158097605	-0.009056901925697714	1.5707963267948966	1.0
1.5707963267948966	-0.8123302598253495	-0.008952175973264611	1.5707963267948966	1.0
1.5707963267948966	-0.8065071038409384	-0.008847055690057098	1.5707963267948966	1.0
1.5707963267948966	-0.8006839478565273	-0.008745972500968396	1.5707963267948966	1.0
1.5707963267948966	-0.7948607918721162	-0.008644449710744342	1.5707963267948966	1.0
1.5707963267948966	-0.7890376358877051	-0.008543950380249599	1.5707963267948966	1.0
1.5707963267948966	-0.7832144799032941	-0.008444453358645595	1.5707963267948966	1.0
1.5707963267948966	-0.777391323918883	-0.008347381573171242	1.5707963267948966	1.0
1.5707963267948966	-0.7715681679344719	-0.008249820667582182	1.5707963267948966	1.0
1.5707963267948966	-0.7657450119500608	-0.008154629163639257	1.5707963267948966	1.0
1.5707963267948966	-0.7599218559656493	-0.008060345047707283	1.5707963267948966	1.0
1.5707963267948966	-0.7540986999812382	-0.007966950298959437	1.5707963267948966	1.0
1.5707963267948966	-0.7482755439968272	-0.007874427355801421	1.5707963267948966	1.0
1.5707963267948966	-0.7424523880124161	-0.007782759101714852	1.5707963267948966	1.0
1.5707963267948966	-0.736629232028005	-0.007691928851645327	1.5707963267948966	1.0
1.5707963267948966	-0.7308060760435939	-0.0076032938476227165	1.5707963267948966	1.0
1.5707963267948966	-0.7249829200591829	-0.007514083172744124	1.5707963267948966	1.0
1.5707963267948966	-0.7191597640747718	-0.007427018564104002	1.5707963267948966	1.0
1.5707963267948966	-0.7133366080903607	-0.007339366153294441	1.5707963267948966	1.0
1.5707963267948966	-0.7075134521059496	-0.007253812708669879	1.5707963267948966	1.0
1.5707963267948966	-0.7016902961215385	-0.007168988761428845	1.5707963267948966	1.0
1.5707963267948966	-0.6958671401371275	-0.007084880689399364	1.5707963267948966	1.0
1.5707963267948966	-0.6900439841527164	-0.007001475194635501	1.5707963267948966	1.0
1.5707963267948966	-0.6842208281683053	-0.006918759294143035	1.5707963267948966	1.0
1.5707963267948966	-0.6783976721838938	-0.006836720310940322	1.5707963267948966	1.0
1.5707963267948966	-0.6725745161994827	-0.00675534586543989	1.5707963267948966	1.0
1.5707963267948966	-0.6667513602150716	-0.006674623867139188	1.5707963267948966	1.0
1.5707963267948966	-0.6609282042306606	-0.006595805776017821	1.5707963267948966	1.0
1.5707963267948966	-0.6551050482462495	-0.006516344938523734	1.5707963267948966	1.0
1.5707963267948966	-0.6492818922618384	-0.006438746244552196	1.5707963267948966	1.0
1.5707963267948966	-0.6434587362774273	-0.0063605018863354176	1.5707963267948966	1.0
1.5707963267948966	-0.6376355802930163	-0.0062840793442400684	1.5707963267948966	1.0
1.5707963267948966	-0.6318124243086052	-0.006208224181863142	1.5707963267948966	1.0
1.5707963267948966	-0.6259892683241941	-0.0061329263970385855	1.5707963267948966	1.0
1.5707963267948966	-0.620166112339783	-0.006058176206262063	1.5707963267948966	1.0
1.5707963267948966	-0.614342956355372	-0.005982778554011565	1.5707963267948966	1.0
1.5707963267948966	-0.6085198003709609	-0.005910280531649413	1.5707963267948966	1.0
1.5707963267948966	-0.6026966443865494	-0.005837116523040054	1.5707963267948966	1.0
1.5707963267948966	-0.5968734884021383	-0.00576446304830836	1.5707963267948966	1.0
1.5707963267948966	-0.5910503324177272	-0.0056923113343002145	1.5707963267948966	1.0
1.5707963267948966	-0.5852271764333161	-0.005620652794598303	1.5707963267948966	1.0
1.5707963267948966	-0.579404020448905	-0.005550605113225956	1.5707963267948966	1.0
1.5707963267948966	-0.573580864464494	-0.0054798985768455015	1.5707963267948966	1.0
1.5707963267948966	-0.5677577084800829	-0.005409660596466106	1.5707963267948966	1.0
1.5707963267948966	-0.5619345524956718	-0.005340979764139362	1.5707963267948966	1.0
1.5707963267948966	-0.5561113965112607	-0.00527164628560321	1.5707963267948966	1.0
1.5707963267948966	-0.5502882405268497	-0.005203834707254866	1.5707963267948966	1.0
1.5707963267948966	-0.5444650845424386	-0.005136441335159651	1.5707963267948966	1.0
1.5707963267948966	-0.5386419285580275	-0.00506840423077379	1.5707963267948966	1.0
1.5707963267948966	-0.5328187725736164	-0.005001836883320572	1.5707963267948966	1.0
1.5707963267948966	-0.5269956165892054	-0.004935666867434967	1.5707963267948966	1.0
1.5707963267948966	-0.5211724606047938	-0.004869887516179204	1.5707963267948966	1.0
1.5707963267948966	-0.5153493046203828	-0.004804492290374168	1.5707963267948966	1.0
1.5707963267948966	-0.5095261486359717	-0.00473947477553705	1.5707963267948966	1.0
1.5707963267948966	-0.5037029926515606	-0.00467482867891134	1.5707963267948966	1.0
1.5707963267948966	-0.4978798366671495	-0.004610547826586027	1.5707963267948966	1.0
1.5707963267948966	-0.49205668068273845	-0.004546626160701112	1.5707963267948966	1.0
1.5707963267948966	-0.48623352469832737	-0.0044830577367364335	1.5707963267948966	1.0
1.5707963267948966	-0.4804103687139163	-0.004420787305501074	1.5707963267948966	1.0
1.5707963267948966	-0.4745872127295052	-0.004357897815811091	1.5707963267948966	1.0
1.5707963267948966	-0.46876405674509414	-0.004295344427187829	1.5707963267948966	1.0
1.5707963267948966	-0.46294090076068306	-0.0042340401865708375	1.5707963267948966	1.0
1.5707963267948966	-0.457117744776272	-0.004172132507383487	1.5707963267948966	1.0
1.5707963267948966	-0.4512945887918609	-0.004110544702659444	1.5707963267948966	1.0
1.5707963267948966	-0.44547143280744983	-0.004050158475954808	1.5707963267948966	1.0
1.5707963267948966	-0.4396482768230383	-0.0039900602878046735	1.5707963267948966	1.0
1.5707963267948966	-0.43382512083862723	-0.003929381310177776	1.5707963267948966	1.0
1.5707963267948966	-0.42800196485421615	-0.00386985593623089	1.5707963267948966	1.0
1.5707963267948966	-0.4221788088698051	-0.003809761384225295	1.5707963267948966	1.0
1.5707963267948966	-0.416355652885394	-0.0037507895803592026	1.5707963267948966	1.0
1.5707963267948966	-0.4105324969009829	-0.003692081880521404	1.5707963267948966	1.0
1.5707963267948966	-0.40470934091657185	-0.003633633746767317	1.5707963267948966	1.0
1.5707963267948966	-0.39888618493216077	-0.0035754407126999937	1.5707963267948966	1.0
1.5707963267948966	-0.3930630289477497	-0.003517498381846942	1.5707963267948966	1.0
1.5707963267948966	-0.3872398729633386	-0.0034590258920930987	1.5707963267948966	1.0
1.5707963267948966	-0.38141671697892754	-0.0034015831987209938	1.5707963267948966	1.0
1.5707963267948966	-0.37559356099451646	-0.0033443783930922687	1.5707963267948966	1.0
1.5707963267948966	-0.3697704050101054	-0.0032874073452556214	1.5707963267948966	1.0
1.5707963267948966	-0.3639472490256943	-0.0032313980982125326	1.5707963267948966	1.0
1.5707963267948966	-0.3581240930412828	-0.0031748713824074604	1.5707963267948966	1.0
1.5707963267948966	-0.3523009370568717	-0.003118566424650797	1.5707963267948966	1.0
1.5707963267948966	-0.34647778107246063	-0.0030624793342693365	1.5707963267948966	1.0
1.5707963267948966	-0.34065462508804956	-0.003006606277672173	1.5707963267948966	1.0
1.5707963267948966	-0.3348314691036385	-0.002951619277136967	1.5707963267948966	1.0
1.5707963267948966	-0.3290083131192274	-0.0028961520698815263	1.5707963267948966	1.0
1.5707963267948966	-0.3231851571348163	-0.002840887736315194	1.5707963267948966	1.0
1.5707963267948966	-0.31736200115040525	-0.002786464434308185	1.5707963267948966	1.0
1.5707963267948966	-0.31153884516599417	-0.0027315841444321125	1.5707963267948966	1.0
1.5707963267948966	-0.3057156891815831	-0.0026768960261490424	1.5707963267948966	1.0
1.5707963267948966	-0.299892533197172	-0.002623004532650397	1.5707963267948966	1.0
1.5707963267948966	-0.29406937721276094	-0.002568679519851733	1.5707963267948966	1.0
1.5707963267948966	-0.28824622122834986	-0.0025151214506537274	1.5707963267948966	1.0
1.5707963267948966	-0.2824230652439388	-0.0024611460425064003	1.5707963267948966	1.0
1.5707963267948966	-0.27659990925952727	-0.002407908134103876	1.5707963267948966	1.0
1.5707963267948966	-0.2707767532751162	-0.002354819471174464	1.5707963267948966	1.0
1.5707963267948966	-0.2649535972907051	-0.0023013384735880377	1.5707963267948966	1.0
1.5707963267948966	-0.25913044130629403	-0.00224855068273322	1.5707963267948966	1.0
1.5707963267948966	-0.25330728532188296	-0.002195902692757424	1.5707963267948966	1.0
1.5707963267948966	-0.24748412933747188	-0.002143391432850216	1.5707963267948966	1.0
1.5707963267948966	-0.2416609733530608	-0.002090521805650232	1.5707963267948966	1.0
1.5707963267948966	-0.23583781736864973	-0.002038286711709307	1.5707963267948966	1.0
1.5707963267948966	-0.23001466138423865	-0.001986179303832937	1.5707963267948966	1.0
1.5707963267948966	-0.22419150539982757	-0.0019341966358136914	1.5707963267948966	1.0
1.5707963267948966	-0.2183683494154165	-0.0018823357902125238	1.5707963267948966	1.0
1.5707963267948966	-0.21254519343100542	-0.0018305938776186908	1.5707963267948966	1.0
1.5707963267948966	-0.20672203744659434	-0.0017789680359234636	1.5707963267948966	1.0
1.5707963267948966	-0.20089888146218327	-0.0017274554296069797	1.5707963267948966	1.0
1.5707963267948966	-0.19507572547777174	-0.001676053249038042	1.5707963267948966	1.0
1.5707963267948966	-0.18925256949336067	-0.0016247587097863322	1.5707963267948966	1.0
1.5707963267948966	-0.1834294135089496	-0.0015735690519467023	1.5707963267948966	1.0
1.5707963267948966	-0.1776062575245385	-0.0015224815394752165	1.5707963267948966	1.0
1.5707963267948966	-0.17178310154012744	-0.0014714934595364988	1.5707963267948966	1.0
1.5707963267948966	-0.16595994555571636	-0.0014209419209973919	1.5707963267948966	1.0
1.5707963267948966	-0.16013678957130528	-0.001370132984394015	1.5707963267948966	1.0
1.5707963267948966	-0.1543136335868942	-0.00131941547168718	1.5707963267948966	1.0
1.5707963267948966	-0.14849047760248313	-0.0012687867548516693	1.5707963267948966	1.0
1.5707963267948966	-0.14266732161807205	-0.0012185367229054006	1.5707963267948966	1.0
1.5707963267948966	-0.13684416563366097	-0.0011680661210930177	1.5707963267948966	1.0
1.5707963267948966	-0.1310210096492499	-0.0011176765395696626	1.5707963267948966	1.0
1.5707963267948966	-0.12519785366483882	-0.001067622358139383	1.5707963267948966	1.0
1.5707963267948966	-0.1193746976804273	-0.001017375492478885	1.5707963267948966	1.0
1.5707963267948966	-0.11355154169601622	-0.0009674351078413818	1.5707963267948966	1.0
1.5707963267948966	-0.10772838571160515	-0.0009173208466491871	1.5707963267948966	1.0
1.5707963267948966	-0.10190522972719407	-0.0008674842348368399	1.5707963267948966	1.0
1.5707963267948966	-0.09608207374278299	-0.0008174925780524554	1.5707963267948966	1.0
1.5707963267948966	-0.09025891775837191	-0.0007677498091875454	1.5707963267948966	1.0
1.5707963267948966	-0.08443576177396084	-0.000717870859513883	1.5707963267948966	1.0
1.5707963267948966	-0.07861260578954976	-0.0006682120893874734	1.5707963267948966	1.0
1.5707963267948966	-0.07278944980513868	-0.0006185856255160651	1.5707963267948966	1.0
1.5707963267948966	-0.06696629382072761	-0.0005688515057105189	1.5707963267948966	1.0
1.5707963267948966	-0.06114313783631653	-0.0005192944235757228	1.5707963267948966	1.0
1.5707963267948966	-0.05531998185190545	-0.0004697623915638889	1.5707963267948966	1.0
1.5707963267948966	-0.049496825867494376	-0.000420151274429283	1.5707963267948966	1.0
1.5707963267948966	-0.0436736698830833	-0.00037067414458102574	1.5707963267948966	1.0
1.5707963267948966	-0.03785051389867178	-0.0003212148636426576	1.5707963267948966	1.0
1.5707963267948966	-0.0320273579142607	-0.00027177104452101407	1.5707963267948966	1.0
1.5707963267948966	-0.026204201929849624	-0.00022234030322807166	1.5707963267948966	1.0
1.5707963267948966	-0.020381045945438547	-0.0001729202584009979	1.5707963267948966	1.0
1.5707963267948966	-0.01455788996102747	-0.00012350853082329877	1.5707963267948966	1.0
1.5707963267948966	-0.008734733976616393	-7.410274294689724e-05	1.5707963267948966	1.0
1.5707963267948966	-0.0029115779922053164	-2.4700518414931714e-05	1.5707963267948966	1.0
1.5707963267948966	0.0029115779922057605	2.470051841493544e-05	1.5707963267948966	1.0
1.5707963267948966	0.008734733976616837	7.410274294690101e-05	1.5707963267948966	1.0
1.5707963267948966	0.014557889961027914	0.00012350853082330245	1.5707963267948966	1.0
1.5707963267948966	0.02038104594543899	0.00017292025840100154	1.5707963267948966	1.0
1.5707963267948966	0.02620420192985007	0.00022234030322807531	1.5707963267948966	1.0
1.5707963267948966	0.032027357914261145	0.00027177104452101776	1.5707963267948966	1.0
1.5707963267948966	0.03785051389867222	0.0003212148636426617	1.5707963267948966	1.0
1.5707963267948966	0.04367366988308374	0.0003706741445810301	1.5707963267948966	1.0
1.5707963267948966	0.04949682586749482	0.0004201512744292864	1.5707963267948966	1.0
1.5707963267948966	0.0553199818519059	0.00046976239156389224	1.5707963267948966	1.0
1.5707963267948966	0.061143137836316974	0.0005192944235757264	1.5707963267948966	1.0
1.5707963267948966	0.06696629382072805	0.000568851505710523	1.5707963267948966	1.0
1.5707963267948966	0.07278944980513913	0.0006185856255160684	1.5707963267948966	1.0
1.5707963267948966	0.0786126057895502	0.0006682120893874774	1.5707963267948966	1.0
1.5707963267948966	0.08443576177396128	0.0007178708595138873	1.5707963267948966	1.0
1.5707963267948966	0.09025891775837236	0.0007677498091875504	1.5707963267948966	1.0
1.5707963267948966	0.09608207374278344	0.0008174925780524589	1.5707963267948966	1.0
1.5707963267948966	0.10190522972719451	0.0008674842348368434	1.5707963267948966	1.0
1.5707963267948966	0.10772838571160559	0.0009173208466491906	1.5707963267948966	1.0
1.5707963267948966	0.11355154169601667	0.0009674351078413869	1.5707963267948966	1.0
1.5707963267948966	0.11937469768042774	0.0010173754924788893	1.5707963267948966	1.0
1.5707963267948966	0.12519785366483926	0.0010676223581393873	1.5707963267948966	1.0
1.5707963267948966	0.13102100964925034	0.0011176765395696667	1.5707963267948966	1.0
1.5707963267948966	0.13684416563366142	0.001168066121093021	1.5707963267948966	1.0
1.5707963267948966	0.1426673216180725	0.0012185367229054036	1.5707963267948966	1.0
1.5707963267948966	0.14849047760248357	0.0012687867548516725	1.5707963267948966	1.0
1.5707963267948966	0.15431363358689465	0.001319415471687183	1.5707963267948966	1.0
1.5707963267948966	0.16013678957130573	0.0013701329843940188	1.5707963267948966	1.0
1.5707963267948966	0.1659599455557168	0.0014209419209973966	1.5707963267948966	1.0
1.5707963267948966	0.17178310154012788	0.0014714934595365034	1.5707963267948966	1.0
1.5707963267948966	0.17760625752453896	0.0015224815394752184	1.5707963267948966	1.0
1.5707963267948966	0.18342941350895003	0.0015735690519467068	1.5707963267948966	1.0
1.5707963267948966	0.1892525694933611	0.0016247587097863374	1.5707963267948966	1.0
1.5707963267948966	0.1950757254777722	0.0016760532490380463	1.5707963267948966	1.0
1.5707963267948966	0.20089888146218327	0.0017274554296069797	1.5707963267948966	1.0
1.5707963267948966	0.2067220374465948	0.0017789680359234679	1.5707963267948966	1.0
1.5707963267948966	0.21254519343100586	0.0018305938776186955	1.5707963267948966	1.0
1.5707963267948966	0.21836834941541694	0.0018823357902125251	1.5707963267948966	1.0
1.5707963267948966	0.22419150539982802	0.0019341966358136977	1.5707963267948966	1.0
1.5707963267948966	0.2300146613842391	0.0019861793038329387	1.5707963267948966	1.0
1.5707963267948966	0.23583781736865017	0.0020382867117093107	1.5707963267948966	1.0
1.5707963267948966	0.24166097335306125	0.002090521805650236	1.5707963267948966	1.0
1.5707963267948966	0.24748412933747233	0.0021433914328502185	1.5707963267948966	1.0
1.5707963267948966	0.2533072853218834	0.0021959026927574265	1.5707963267948966	1.0
1.5707963267948966	0.2591304413062945	0.0022485506827332243	1.5707963267948966	1.0
1.5707963267948966	0.26495359729070556	0.0023013384735880394	1.5707963267948966	1.0
1.5707963267948966	0.27077675327511663	0.0023548194711744685	1.5707963267948966	1.0
1.5707963267948966	0.2765999092595277	0.0024079081341038797	1.5707963267948966	1.0
1.5707963267948966	0.2824230652439388	0.0024611460425064003	1.5707963267948966	1.0
1.5707963267948966	0.2882462212283503	0.0025151214506537326	1.5707963267948966	1.0
1.5707963267948966	0.2940693772127614	0.0025686795198517354	1.5707963267948966	1.0
1.5707963267948966	0.29989253319717246	0.0026230045326504025	1.5707963267948966	1.0
1.5707963267948966	0.30571568918158354	0.0026768960261490454	1.5707963267948966	1.0
1.5707963267948966	0.3115388451659946	0.002731584144432117	1.5707963267948966	1.0
1.5707963267948966	0.3173620011504057	0.002786464434308187	1.5707963267948966	1.0
1.5707963267948966	0.32318515713481677	0.002840887736315198	1.5707963267948966	1.0
1.5707963267948966	0.32900831311922785	0.0028961520698815297	1.5707963267948966	1.0
1.5707963267948966	0.3348314691036389	0.0029516192771369696	1.5707963267948966	1.0
1.5707963267948966	0.34065462508805	0.0030066062776721776	1.5707963267948966	1.0
1.5707963267948966	0.3464777810724611	0.00306247933426934	1.5707963267948966	1.0
1.5707963267948966	0.35230093705687215	0.0031185664246508047	1.5707963267948966	1.0
1.5707963267948966	0.35812409304128323	0.0031748713824074665	1.5707963267948966	1.0
1.5707963267948966	0.36394724902569475	0.0032313980982125387	1.5707963267948966	1.0
1.5707963267948966	0.36977040501010583	0.003287407345255625	1.5707963267948966	1.0
1.5707963267948966	0.3755935609945169	0.003344378393092273	1.5707963267948966	1.0
1.5707963267948966	0.381416716978928	0.0034015831987209972	1.5707963267948966	1.0
1.5707963267948966	0.38723987296333906	0.0034590258920931018	1.5707963267948966	1.0
1.5707963267948966	0.39306302894775014	0.003517498381846947	1.5707963267948966	1.0
1.5707963267948966	0.3988861849321612	0.0035754407126999963	1.5707963267948966	1.0
1.5707963267948966	0.4047093409165723	0.0036336337467673193	1.5707963267948966	1.0
1.5707963267948966	0.41053249690098337	0.003692081880521412	1.5707963267948966	1.0
1.5707963267948966	0.41635565288539444	0.003750789580359207	1.5707963267948966	1.0
1.5707963267948966	0.4221788088698055	0.003809761384225298	1.5707963267948966	1.0
1.5707963267948966	0.4280019648542166	0.0038698559362308907	1.5707963267948966	1.0
1.5707963267948966	0.4338251208386277	0.003929381310177785	1.5707963267948966	1.0
1.5707963267948966	0.43964827682303875	0.003990060287804683	1.5707963267948966	1.0
1.5707963267948966	0.4454714328074503	0.00405015847595481	1.5707963267948966	1.0
1.5707963267948966	0.45129458879186135	0.0041105447026594496	1.5707963267948966	1.0
1.5707963267948966	0.4571177447762724	0.004172132507383492	1.5707963267948966	1.0
1.5707963267948966	0.4629409007606835	0.004234040186570849	1.5707963267948966	1.0
1.5707963267948966	0.4687640567450946	0.004295344427187836	1.5707963267948966	1.0
1.5707963267948966	0.47458721272950566	0.004357897815811095	1.5707963267948966	1.0
1.5707963267948966	0.48041036871391674	0.004420787305501075	1.5707963267948966	1.0
1.5707963267948966	0.4862335246983278	0.00448305773673644	1.5707963267948966	1.0
1.5707963267948966	0.4920566806827389	0.004546626160701121	1.5707963267948966	1.0
1.5707963267948966	0.49787983666714997	0.00461054782658603	1.5707963267948966	1.0
1.5707963267948966	0.503702992651561	0.004674828678911344	1.5707963267948966	1.0
1.5707963267948966	0.5095261486359721	0.004739474775537054	1.5707963267948966	1.0
1.5707963267948966	0.5153493046203832	0.004804492290374173	1.5707963267948966	1.0
1.5707963267948966	0.5211724606047943	0.004869887516179205	1.5707963267948966	1.0
1.5707963267948966	0.5269956165892058	0.004935666867434972	1.5707963267948966	1.0
1.5707963267948966	0.5328187725736169	0.005001836883320576	1.5707963267948966	1.0
1.5707963267948966	0.538641928558028	0.005068404230773797	1.5707963267948966	1.0
1.5707963267948966	0.544465084542439	0.0051364413351596494	1.5707963267948966	1.0
1.5707963267948966	0.5502882405268501	0.005203834707254871	1.5707963267948966	1.0
1.5707963267948966	0.5561113965112612	0.0052716462856032134	1.5707963267948966	1.0
1.5707963267948966	0.5619345524956723	0.005340979764139372	1.5707963267948966	1.0
1.5707963267948966	0.5677577084800833	0.005409660596466111	1.5707963267948966	1.0
1.5707963267948966	0.5735808644644944	0.005479898576845503	1.5707963267948966	1.0
1.5707963267948966	0.5794040204489055	0.005550605113225961	1.5707963267948966	1.0
1.5707963267948966	0.5852271764333166	0.0056206527945983084	1.5707963267948966	1.0
1.5707963267948966	0.5910503324177276	0.005692311334300222	1.5707963267948966	1.0
1.5707963267948966	0.5968734884021387	0.005764463048308368	1.5707963267948966	1.0
1.5707963267948966	0.6026966443865498	0.005837116523040059	1.5707963267948966	1.0
1.5707963267948966	0.6085198003709613	0.005910280531649424	1.5707963267948966	1.0
1.5707963267948966	0.6143429563553724	0.005982778554011568	1.5707963267948966	1.0
1.5707963267948966	0.6201661123397835	0.0060581762062620744	1.5707963267948966	1.0
1.5707963267948966	0.6259892683241945	0.006132926397038586	1.5707963267948966	1.0
1.5707963267948966	0.6318124243086056	0.006208224181863147	1.5707963267948966	1.0
1.5707963267948966	0.6376355802930167	0.006284079344240075	1.5707963267948966	1.0
1.5707963267948966	0.6434587362774278	0.006360501886335429	1.5707963267948966	1.0
1.5707963267948966	0.6492818922618389	0.006438746244552203	1.5707963267948966	1.0
1.5707963267948966	0.6551050482462499	0.006516344938523741	1.5707963267948966	1.0
1.5707963267948966	0.660928204230661	0.006595805776017828	1.5707963267948966	1.0
1.5707963267948966	0.6667513602150721	0.0066746238671391905	1.5707963267948966	1.0
1.5707963267948966	0.6725745161994832	0.0067553458654398876	1.5707963267948966	1.0
1.5707963267948966	0.6783976721838942	0.006836720310940321	1.5707963267948966	1.0
1.5707963267948966	0.6842208281683053	0.006918759294143035	1.5707963267948966	1.0
1.5707963267948966	0.6900439841527168	0.00700147519463551	1.5707963267948966	1.0
1.5707963267948966	0.6958671401371279	0.0070848806893993735	1.5707963267948966	1.0
1.5707963267948966	0.701690296121539	0.007168988761428845	1.5707963267948966	1.0
1.5707963267948966	0.7075134521059501	0.007253812708669881	1.5707963267948966	1.0
1.5707963267948966	0.7133366080903611	0.007339366153294449	1.5707963267948966	1.0
1.5707963267948966	0.7191597640747722	0.007427018564104019	1.5707963267948966	1.0
1.5707963267948966	0.7249829200591833	0.00751408317274413	1.5707963267948966	1.0
1.5707963267948966	0.7308060760435944	0.007603293847622726	1.5707963267948966	1.0
1.5707963267948966	0.7366292320280055	0.007691928851645335	1.5707963267948966	1.0
1.5707963267948966	0.7424523880124165	0.007782759101714855	1.5707963267948966	1.0
1.5707963267948966	0.7482755439968276	0.007874427355801423	1.5707963267948966	1.0
1.5707963267948966	0.7540986999812387	0.007966950298959444	1.5707963267948966	1.0
1.5707963267948966	0.7599218559656498	0.008060345047707286	1.5707963267948966	1.0
1.5707963267948966	0.7657450119500608	0.008154629163639257	1.5707963267948966	1.0
1.5707963267948966	0.7715681679344724	0.008249820667582192	1.5707963267948966	1.0
1.5707963267948966	0.7773913239188834	0.008347381573171251	1.5707963267948966	1.0
1.5707963267948966	0.7832144799032945	0.008444453358645606	1.5707963267948966	1.0
1.5707963267948966	0.7890376358877056	0.00854395038024961	1.5707963267948966	1.0
1.5707963267948966	0.7948607918721167	0.008644449710744344	1.5707963267948966	1.0
1.5707963267948966	0.8006839478565277	0.008745972500968398	1.5707963267948966	1.0
1.5707963267948966	0.8065071038409388	0.008847055690057101	1.5707963267948966	1.0
1.5707963267948966	0.8123302598253499	0.008952175973264616	1.5707963267948966	1.0
1.5707963267948966	0.818153415809761	0.009056901925697724	1.5707963267948966	1.0
1.5707963267948966	0.823976571794172	0.00916274192012962	1.5707963267948966	1.0
1.5707963267948966	0.8297997277785831	0.00927123798985134	1.5707963267948966	1.0
1.5707963267948966	0.8356228837629942	0.009379388813028623	1.5707963267948966	1.0
1.5707963267948966	0.8414460397474053	0.009490263333960495	1.5707963267948966	1.0
1.5707963267948966	0.8472691957318168	0.009602370859092846	1.5707963267948966	1.0
1.5707963267948966	0.8530923517162279	0.009715739266729797	1.5707963267948966	1.0
1.5707963267948966	0.8589155077006385	0.00983039724640448	1.5707963267948966	1.0
1.5707963267948966	0.86473866368505	0.009946374328562302	1.5707963267948966	1.0
1.5707963267948966	0.8705618196694607	0.010065274713115004	1.5707963267948966	1.0
1.5707963267948966	0.8763849756538722	0.010185571949477282	1.5707963267948966	1.0
1.5707963267948966	0.8822081316382828	0.010305711049742145	1.5707963267948966	1.0
1.5707963267948966	0.8880312876226943	0.010428894682902614	1.5707963267948966	1.0
1.5707963267948966	0.8938544436071059	0.010555180694983804	1.5707963267948966	1.0
1.5707963267948966	0.8996775995915165	0.01068140641282814	1.5707963267948966	1.0
1.5707963267948966	0.905500755575928	0.010809204809174171	1.5707963267948966	1.0
1.5707963267948966	0.9113239115603387	0.010940241332197762	1.5707963267948966	1.0
1.5707963267948966	0.9171470675447502	0.011072944957792348	1.5707963267948966	1.0
1.5707963267948966	0.9229702235291608	0.011207357642682915	1.5707963267948966	1.0
1.5707963267948966	0.9287933795135723	0.01134352268140736	1.5707963267948966	1.0
1.5707963267948966	0.934616535497983	0.011483140264944666	1.5707963267948966	1.0
1.5707963267948966	0.9404396914823945	0.011624616086500608	1.5707963267948966	1.0
1.5707963267948966	0.9462628474668051	0.011767998914125936	1.5707963267948966	1.0
1.5707963267948966	0.9520860034512166	0.011913339120586001	1.5707963267948966	1.0
1.5707963267948966	0.9579091594356273	0.012060688752436013	1.5707963267948966	1.0
1.5707963267948966	0.9637323154200388	0.012211791713267868	1.5707963267948966	1.0
1.5707963267948966	0.9695554714044503	0.012365028593054005	1.5707963267948966	1.0
1.5707963267948966	0.9753786273888609	0.012520458180004202	1.5707963267948966	1.0
1.5707963267948966	0.9812017833732725	0.012678141282934718	1.5707963267948966	1.0
1.5707963267948966	0.9870249393576831	0.012839857920947594	1.5707963267948966	1.0
1.5707963267948966	0.9928480953420946	0.013003970917238455	1.5707963267948966	1.0
1.5707963267948966	0.9986712513265052	0.013170549123325047	1.5707963267948966	1.0
1.5707963267948966	1.0044944073109168	0.013339663844211492	1.5707963267948966	1.0
1.5707963267948966	1.0103175632953274	0.013513132855964739	1.5707963267948966	1.0
1.5707963267948966	1.016140719279739	0.013689303792344162	1.5707963267948966	1.0
1.5707963267948966	1.0219638752641496	0.013870013290926651	1.5707963267948966	1.0
1.5707963267948966	1.027787031248561	0.014053603044945554	1.5707963267948966	1.0
1.5707963267948966	1.0336101872329717	0.014240161830653733	1.5707963267948966	1.0
1.5707963267948966	1.0394333432173832	0.014429781767505668	1.5707963267948966	1.0
1.5707963267948966	1.0452564992017939	0.014624338967805059	1.5707963267948966	1.0
1.5707963267948966	1.0510796551862054	0.014822166738407663	1.5707963267948966	1.0
1.5707963267948966	1.056902811170617	0.015025162128495764	1.5707963267948966	1.0
1.5707963267948966	1.0627259671550275	0.01523165578774948	1.5707963267948966	1.0
1.5707963267948966	1.068549123139439	0.015441763238458877	1.5707963267948966	1.0
1.5707963267948966	1.0743722791238497	0.01565741439929252	1.5707963267948966	1.0
1.5707963267948966	1.0801954351082612	0.01587693858164214	1.5707963267948966	1.0
1.5707963267948966	1.0860185910926718	0.01610228919004582	1.5707963267948966	1.0
1.5707963267948966	1.0918417470770834	0.016331796516569897	1.5707963267948966	1.0
1.5707963267948966	1.097664903061494	0.016567438447311802	1.5707963267948966	1.0
1.5707963267948966	1.1034880590459055	0.016807548377641892	1.5707963267948966	1.0
1.5707963267948966	1.1093112150303162	0.01705413010705427	1.5707963267948966	1.0
1.5707963267948966	1.1151343710147277	0.017305522227849274	1.5707963267948966	1.0
1.5707963267948966	1.1209575269991383	0.017563756362571948	1.5707963267948966	1.0
1.5707963267948966	1.1267806829835498	0.01782717839439302	1.5707963267948966	1.0
1.5707963267948966	1.1326038389679614	0.018099713407956054	1.5707963267948966	1.0
1.5707963267948966	1.138426994952372	0.018375996539280282	1.5707963267948966	1.0
1.5707963267948966	1.1442501509367835	0.018661852823210402	1.5707963267948966	1.0
1.5707963267948966	1.1500733069211941	0.01895378907813933	1.5707963267948966	1.0
1.5707963267948966	1.1558964629056057	0.01925393439867564	1.5707963267948966	1.0
1.5707963267948966	1.1617196188900163	0.019560676137231003	1.5707963267948966	1.0
1.5707963267948966	1.1675427748744278	0.01987807485182468	1.5707963267948966	1.0
1.5707963267948966	1.1733659308588384	0.0202026564187899	1.5707963267948966	1.0
1.5707963267948966	1.17918908684325	0.020536631822935397	1.5707963267948966	1.0
1.5707963267948966	1.1850122428276606	0.020880343075857847	1.5707963267948966	1.0
1.5707963267948966	1.1908353988120721	0.02123415217906352	1.5707963267948966	1.0
1.5707963267948966	1.1966585547964828	0.021598442758871742	1.5707963267948966	1.0
1.5707963267948966	1.2024817107808943	0.021973621826089706	1.5707963267948966	1.0
1.5707963267948966	1.208304866765305	0.0223601216737556	1.5707963267948966	1.0
1.5707963267948966	1.2141280227497164	0.022758401928019797	1.5707963267948966	1.0
1.5707963267948966	1.219951178734128	0.023168951769237354	1.5707963267948966	1.0
1.5707963267948966	1.2257743347185386	0.023594229464545816	1.5707963267948966	1.0
1.5707963267948966	1.23159749070295	0.024032862849269806	1.5707963267948966	1.0
1.5707963267948966	1.2374206466873607	0.024485446354369646	1.5707963267948966	1.0
1.5707963267948966	1.2432438026717723	0.024954564379362734	1.5707963267948966	1.0
1.5707963267948966	1.249066958656183	0.025438957138433322	1.5707963267948966	1.0
1.5707963267948966	1.2548901146405944	0.025941311344709686	1.5707963267948966	1.0
1.5707963267948966	1.260713270625005	0.02646242267197332	1.5707963267948966	1.0
1.5707963267948966	1.2665364266094166	0.027003145556811742	1.5707963267948966	1.0
1.5707963267948966	1.2723595825938272	0.0275624329955305	1.5707963267948966	1.0
1.5707963267948966	1.2781827385782387	0.028145205609291023	1.5707963267948966	1.0
1.5707963267948966	1.2840058945626494	0.028748596242249624	1.5707963267948966	1.0
1.5707963267948966	1.2898290505470609	0.029377704976064872	1.5707963267948966	1.0
1.5707963267948966	1.2956522065314724	0.03003181381536049	1.5707963267948966	1.0
1.5707963267948966	1.301475362515883	0.030714265539183636	1.5707963267948966	1.0
1.5707963267948966	1.3072985185002945	0.0314265468266978	1.5707963267948966	1.0
1.5707963267948966	1.3131216744847052	0.03217027567785577	1.5707963267948966	1.0
1.5707963267948966	1.3189448304691167	0.032947216976762304	1.5707963267948966	1.0
1.5707963267948966	1.3247679864535273	0.03375929981876799	1.5707963267948966	1.0
1.5707963267948966	1.3305911424379389	0.03461063596050945	1.5707963267948966	1.0
1.5707963267948966	1.3364142984223495	0.035503554093203965	1.5707963267948966	1.0
1.5707963267948966	1.342237454406761	0.03644061614426747	1.5707963267948966	1.0
1.5707963267948966	1.3480606103911716	0.037424647714776355	1.5707963267948966	1.0
1.5707963267948966	1.3538837663755832	0.038460782955383764	1.5707963267948966	1.0
1.5707963267948966	1.3597069223599938	0.03955450738477755	1.5707963267948966	1.0
1.5707963267948966	1.3655300783444053	0.040707674946045214	1.5707963267948966	1.0
1.5707963267948966	1.3713532343288168	0.04192862681383378	1.5707963267948966	1.0
1.5707963267948966	1.3771763903132275	0.0432221955961408	1.5707963267948966	1.0
1.5707963267948966	1.382999546297639	0.044591783508180875	1.5707963267948966	1.0
1.5707963267948966	1.3888227022820496	0.04604956488219085	1.5707963267948966	1.0
1.5707963267948966	1.3946458582664611	0.047602460433006755	1.5707963267948966	1.0
1.5707963267948966	1.4004690142508718	0.04926035298904727	1.5707963267948966	1.0
1.5707963267948966	1.4062921702352833	0.051034232238034084	1.5707963267948966	1.0
1.5707963267948966	1.412115326219694	0.052936395179428115	1.5707963267948966	1.0
1.5707963267948966	1.4179384822041055	0.05498069211248967	1.5707963267948966	1.0
1.5707963267948966	1.423761638188516	0.05718486623530579	1.5707963267948966	1.0
1.5707963267948966	1.4295847941729276	0.059568903808330145	1.5707963267948966	1.0
1.5707963267948966	1.4354079501573382	0.06215754834565477	1.5707963267948966	1.0
1.5707963267948966	1.4412311061417498	0.06497274711474556	1.5707963267948966	1.0
1.5707963267948966	1.4470542621261604	0.06805277984255773	1.5707963267948966	1.0
1.5707963267948966	1.452877418110572	0.07143286128971642	1.5707963267948966	1.0
1.5707963267948966	1.4587005740949834	0.07515868568103666	1.5707963267948966	1.0
1.5707963267948966	1.464523730079394	0.07928816435187891	1.5707963267948966	1.0
1.5707963267948966	1.4703468860638056	0.0838896570338089	1.5707963267948966	1.0
1.5707963267948966	1.4761700420482162	0.08905127006465596	1.5707963267948966	1.0
1.5707963267948966	1.4819931980326277	0.09487908914194194	1.5707963267948966	1.0
1.5707963267948966	1.4878163540170384	0.10151154299629134	1.5707963267948966	1.0
1.5707963267948966	1.49363951000145	0.10913034817572946	1.5707963267948966	1.0
1.5707963267948966	1.4994626659858605	0.11796539909614254	1.5707963267948966	1.0
1.5707963267948966	1.505285821970272	0.1283392121521024	1.5707963267948966	1.0
1.5707963267948966	1.5111089779546827	0.14068552177150528	1.5707963267948966	1.0
1.5707963267948966	1.5169321339390942	0.15561969272361584	1.5707963267948966	1.0
1.5707963267948966	1.5227552899235048	0.1740430726027427	1.5707963267948966	1.0
1.5707963267948966	1.5285784459079164	0.19731108219211493	1.5707963267948966	1.0
1.5707963267948966	1.5344016018923279	0.22758171902844732	1.5707963267948966	1.0
1.5707963267948966	1.5402247578767385	0.26845528205584535	1.5707963267948966	1.0
1.5707963267948966	1.54604791386115	0.32636912700542225	1.5707963267948966	1.0
1.5707963267948966	1.5518710698455607	0.4137536786073577	1.5707963267948966	1.0
1.5707963267948966	1.5576942258299722	0.5566181921599761	1.5707963267948966	1.0
1.5707963267948966	1.5635173818143828	0.8103854607054856	1.5707963267948966	1.0
1.5707963267948966	1.5693405377987943	1.2549257231546118	1.5707963267948966	1.0
1.5707963267948966	1.575163693783205	1.817701228529839	1.5707963267948966	1.0
1.5707963267948966	1.5809868497676165	2.2541952141969395	1.5707963267948966	1.0
1.5707963267948966	1.5868100057520271	2.5276803963648367	1.5707963267948966	1.0
1.5707963267948966	1.5926331617364387	2.703614842199599	1.5707963267948966	1.0
1.5707963267948966	1.5984563177208493	2.826590740213581	1.5707963267948966	1.0
1.5707963267948966	1.6042794737052608	2.9195531058240083	1.5707963267948966	1.0
1.5707963267948966	1.6101026296896714	2.9944772806332978	1.5707963267948966	1.0
1.5707963267948966	1.615925785674083	3.058022356819089	1.5707963267948966	1.0
1.5707963267948966	1.6217489416584945	3.1141522911764086	1.5707963267948966	1.0
1.5707963267948966	1.6275720976429051	3.1653772430562093	1.5707963267948966	1.0
1.5707963267948966	1.6333952536273166	3.2133801822938475	1.5707963267948966	1.0
1.5707963267948966	1.6392184096117273	3.259347191782524	1.5707963267948966	1.0
1.5707963267948966	1.6450415655961388	3.3041702283536734	1.5707963267948966	1.0
1.5707963267948966	1.6508647215805494	3.3485471654897276	1.5707963267948966	1.0
1.5707963267948966	1.656687877564961	3.3930659514773986	1.5707963267948966	1.0
1.5707963267948966	1.6625110335493716	3.4382426646434534	1.5707963267948966	1.0
1.5707963267948966	1.668334189533783	3.4845684601907023	1.5707963267948966	1.0
1.5707963267948966	1.6741573455181937	3.5325295223416417	1.5707963267948966	1.0
1.5707963267948966	1.6799805015026053	3.5826396775004166	1.5707963267948966	1.0
1.5707963267948966	1.6858036574870159	3.6354586597347653	1.5707963267948966	1.0
1.5707963267948966	1.6916268134714274	3.691632329666137	1.5707963267948966	1.0
1.5707963267948966	1.697449969455839	3.7519283015921694	1.5707963267948966	1.0
1.5707963267948966	1.7032731254402496	3.8172809973625226	1.5707963267948966	1.0
1.5707963267948966	1.709096281424661	3.8888837406971213	1.5707963267948966	1.0
1.5707963267948966	1.7149194374090717	3.9682799147264056	1.5707963267948966	1.0
1.5707963267948966	1.7207425933934832	4.057564449289458	1.5707963267948966	1.0
1.5707963267948966	1.7265657493778939	4.159663191380542	1.5707963267948966	1.0
1.5707963267948966	1.7323889053623054	4.278871970866888	1.5707963267948966	1.0
1.5707963267948966	1.738212061346716	4.421851664253916	1.5707963267948966	1.0
1.5707963267948966	1.7440352173311275	4.599773541752568	1.5707963267948966	1.0
1.5707963267948966	1.7498583733155382	4.833502706441083	1.5707963267948966	1.0
1.5707963267948966	1.7556815292999497	5.169312895334999	1.5707963267948966	1.0
1.5707963267948966	1.7615046852843603	5.749071430660645	1.5707963267948966	1.0
1.5707963267948966	1.7673278412687718	8.01372243712289	1.5707963267948966	1.0
1.5707963267948966	1.7731509972531825	5.77052780978334	1.5707963267948966	-1.0
1.5707963267948966	1.778974153237594	4.963823278333664	1.5707963267948966	-1.0
1.5707963267948966	1.7847973092220055	4.493480356011361	1.5707963267948966	-1.0
1.5707963267948966	1.7906204652064162	4.15718794685274	1.5707963267948966	-1.0
1.5707963267948966	1.7964436211908277	3.8943389555699746	1.5707963267948966	-1.0
1.5707963267948966	1.8022667771752383	3.678275748601867	1.5707963267948966	-1.0
1.5707963267948966	1.8080899331596498	3.4948086115925174	1.5707963267948966	-1.0
1.5707963267948966	1.8139130891440605	3.335446898212893	1.5707963267948966	-1.0
1.5707963267948966	1.819736245128472	3.1946878007882056	1.5707963267948966	-1.0
1.5707963267948966	1.8255594011128826	3.068747812813319	1.5707963267948966	-1.0
1.5707963267948966	1.8313825570972941	2.954910127491754	1.5707963267948966	-1.0
1.5707963267948966	1.8372057130817048	2.8511512873881992	1.5707963267948966	-1.0
1.5707963267948966	1.8430288690661163	2.7559220291359368	1.5707963267948966	-1.0
1.5707963267948966	1.848852025050527	2.6680120383781634	1.5707963267948966	-1.0
1.5707963267948966	1.8546751810349384	2.5864507213810835	1.5707963267948966	-1.0
1.5707963267948966	1.86049833701935	2.5104511894977035	1.5707963267948966	-1.0
1.5707963267948966	1.8663214930037606	2.4393649693348505	1.5707963267948966	-1.0
1.5707963267948966	1.8721446489881721	2.3726490058597465	1.5707963267948966	-1.0
1.5707963267948966	1.8779678049725828	2.309846876673322	1.5707963267948966	-1.0
1.5707963267948966	1.8837909609569943	2.250569844670162	1.5707963267948966	-1.0
1.5707963267948966	1.889614116941405	2.1944820245109486	1.5707963267948966	-1.0
1.5707963267948966	1.8954372729258164	2.1412982660458377	1.5707963267948966	-1.0
1.5707963267948966	1.901260428910227	2.0907627143370093	1.5707963267948966	-1.0
1.5707963267948966	1.9070835848946386	2.042654401481692	1.5707963267948966	-1.0
1.5707963267948966	1.9129067408790492	1.9967784255608005	1.5707963267948966	-1.0
1.5707963267948966	1.9187298968634607	1.9529639124552607	1.5707963267948966	-1.0
1.5707963267948966	1.9245530528478714	1.9110549775281576	1.5707963267948966	-1.0
1.5707963267948966	1.930376208832283	1.8709119589719108	1.5707963267948966	-1.0
1.5707963267948966	1.9361993648166944	1.8324130578579167	1.5707963267948966	-1.0
1.5707963267948966	1.942022520801105	1.7954467073242415	1.5707963267948966	-1.0
1.5707963267948966	1.9478456767855166	1.7599119613277148	1.5707963267948966	-1.0
1.5707963267948966	1.9536688327699272	1.7257152804636011	1.5707963267948966	-1.0
1.5707963267948966	1.9594919887543387	1.6927751612898425	1.5707963267948966	-1.0
1.5707963267948966	1.9653151447387494	1.6610135374188162	1.5707963267948966	-1.0
1.5707963267948966	1.9711383007231609	1.630362595811815	1.5707963267948966	-1.0
1.5707963267948966	1.9769614567075715	1.6007564676010517	1.5707963267948966	-1.0
1.5707963267948966	1.982784612691983	1.5721363167529683	1.5707963267948966	-1.0
1.5707963267948966	1.9886077686763937	1.54444791031965	1.5707963267948966	-1.0
1.5707963267948966	1.9944309246608052	1.5176411532182823	1.5707963267948966	-1.0
1.5707963267948966	2.000254080645216	1.4916715513915855	1.5707963267948966	-1.0
1.5707963267948966	2.0060772366296273	1.4664923679948876	1.5707963267948966	-1.0
1.5707963267948966	2.011900392614038	1.4420674120998465	1.5707963267948966	-1.0
1.5707963267948966	2.0177235485984495	1.4183558017808697	1.5707963267948966	-1.0
1.5707963267948966	2.023546704582861	1.3953266305194865	1.5707963267948966	-1.0
1.5707963267948966	2.0293698605672716	1.372943877599711	1.5707963267948966	-1.0
1.5707963267948966	2.035193016551683	1.351179198191363	1.5707963267948966	-1.0
1.5707963267948966	2.041016172536094	1.330004321954193	1.5707963267948966	-1.0
1.5707963267948966	2.0468393285205053	1.3093927565864498	1.5707963267948966	-1.0
1.5707963267948966	2.052662484504916	1.2893196416638666	1.5707963267948966	-1.0
1.5707963267948966	2.0584856404893275	1.269759802205596	1.5707963267948966	-1.0
1.5707963267948966	2.064308796473738	1.2506930957467248	1.5707963267948966	-1.0
1.5707963267948966	2.0701319524581496	1.2320988302011244	1.5707963267948966	-1.0
1.5707963267948966	2.0759551084425603	1.2139557116186925	1.5707963267948966	-1.0
1.5707963267948966	2.081778264426972	1.196247136541527	1.5707963267948966	-1.0
1.5707963267948966	2.0876014204113824	1.1789557266181512	1.5707963267948966	-1.0
1.5707963267948966	2.093424576395794	1.1620632589027038	1.5707963267948966	-1.0
1.5707963267948966	2.0992477323802055	1.1455559715618355	1.5707963267948966	-1.0
1.5707963267948966	2.105070888364616	1.1294173583443454	1.5707963267948966	-1.0
1.5707963267948966	2.1108940443490276	1.113635232349217	1.5707963267948966	-1.0
1.5707963267948966	2.1167172003334382	1.0981963371779062	1.5707963267948966	-1.0
1.5707963267948966	2.1225403563178498	1.0830863355366505	1.5707963267948966	-1.0
1.5707963267948966	2.1283635123022604	1.0682932824898987	1.5707963267948966	-1.0
1.5707963267948966	2.134186668286672	1.0538075492553705	1.5707963267948966	-1.0
1.5707963267948966	2.1400098242710826	1.0396183341586622	1.5707963267948966	-1.0
1.5707963267948966	2.145832980255494	1.0257135694293107	1.5707963267948966	-1.0
1.5707963267948966	2.1516561362399047	1.0120834566632253	1.5707963267948966	-1.0
1.5707963267948966	2.1574792922243162	0.998720351987495	1.5707963267948966	-1.0
1.5707963267948966	2.163302448208727	0.9856135999543919	1.5707963267948966	-1.0
1.5707963267948966	2.1691256041931384	0.9727546764897574	1.5707963267948966	-1.0
1.5707963267948966	2.174948760177549	0.9601371305313664	1.5707963267948966	-1.0
1.5707963267948966	2.1807719161619605	0.9477514691549164	1.5707963267948966	-1.0
1.5707963267948966	2.186595072146372	0.935591924104075	1.5707963267948966	-1.0
1.5707963267948966	2.1924182281307827	0.9236496728485113	1.5707963267948966	-1.0
1.5707963267948966	2.198241384115194	0.9119178883693914	1.5707963267948966	-1.0
1.5707963267948966	2.204064540099605	0.900391684095644	1.5707963267948966	-1.0
1.5707963267948966	2.2098876960840164	0.889063134683928	1.5707963267948966	-1.0
1.5707963267948966	2.215710852068427	0.8779278531568189	1.5707963267948966	-1.0
1.5707963267948966	2.2215340080528385	0.866976775589517	1.5707963267948966	-1.0
1.5707963267948966	2.227357164037249	0.8562076538445133	1.5707963267948966	-1.0
1.5707963267948966	2.2331803200216607	0.8456135061238027	1.5707963267948966	-1.0
1.5707963267948966	2.2390034760060713	0.8351908527298011	1.5707963267948966	-1.0
1.5707963267948966	2.244826631990483	0.824933132129837	1.5707963267948966	-1.0
1.5707963267948966	2.2506497879748935	0.8148356211817694	1.5707963267948966	-1.0
1.5707963267948966	2.256472943959305	0.8048937763698791	1.5707963267948966	-1.0
1.5707963267948966	2.2622960999437165	0.7951047939615034	1.5707963267948966	-1.0
1.5707963267948966	2.268119255928127	0.7854612812762665	1.5707963267948966	-1.0
1.5707963267948966	2.2739424119125387	0.7759638981411305	1.5707963267948966	-1.0
1.5707963267948966	2.2797655678969493	0.7666040309709264	1.5707963267948966	-1.0
1.5707963267948966	2.285588723881361	0.7573794462174074	1.5707963267948966	-1.0
1.5707963267948966	2.2914118798657714	0.7482880581579041	1.5707963267948966	-1.0
1.5707963267948966	2.297235035850183	0.7393247912396766	1.5707963267948966	-1.0
1.5707963267948966	2.3030581918345936	0.730487783358376	1.5707963267948966	-1.0
1.5707963267948966	2.308881347819005	0.7217706922499741	1.5707963267948966	-1.0
1.5707963267948966	2.3147045038034157	0.7131734040603194	1.5707963267948966	-1.0
1.5707963267948966	2.3205276597878273	0.7046898204150052	1.5707963267948966	-1.0
1.5707963267948966	2.326350815772238	0.6963215340134161	1.5707963267948966	-1.0
1.5707963267948966	2.3321739717566494	0.6880611386211319	1.5707963267948966	-1.0
1.5707963267948966	2.337997127741061	0.6799073843129972	1.5707963267948966	-1.0
1.5707963267948966	2.3438202837254716	0.6718590683038274	1.5707963267948966	-1.0
1.5707963267948966	2.349643439709883	0.6639121228858881	1.5707963267948966	-1.0
1.5707963267948966	2.3554665956942937	0.6560640397618062	1.5707963267948966	-1.0
1.5707963267948966	2.3612897516787053	0.6483123847760717	1.5707963267948966	-1.0
1.5707963267948966	2.367112907663116	0.6406548186350828	1.5707963267948966	-1.0
1.5707963267948966	2.3729360636475274	0.6330904896328623	1.5707963267948966	-1.0
1.5707963267948966	2.378759219631938	0.6256143134703936	1.5707963267948966	-1.0
1.5707963267948966	2.3845823756163496	0.6182270231564173	1.5707963267948966	-1.0
1.5707963267948966	2.39040553160076	0.6109250688511739	1.5707963267948966	-1.0
1.5707963267948966	2.3962286875851717	0.6037065135059112	1.5707963267948966	-1.0
1.5707963267948966	2.4020518435695823	0.5965693260643599	1.5707963267948966	-1.0
1.5707963267948966	2.407874999553994	0.5895130328630172	1.5707963267948966	-1.0
1.5707963267948966	2.4136981555384045	0.5825330045591585	1.5707963267948966	-1.0
1.5707963267948966	2.419521311522816	0.5756302091525165	1.5707963267948966	-1.0
1.5707963267948966	2.4253444675072275	0.5688015356023517	1.5707963267948966	-1.0
1.5707963267948966	2.431167623491638	0.5620452821902298	1.5707963267948966	-1.0
1.5707963267948966	2.4369907794760497	0.5553598244831255	1.5707963267948966	-1.0
1.5707963267948966	2.4428139354604603	0.5487435613927413	1.5707963267948966	-1.0
1.5707963267948966	2.448637091444872	0.5421962495482341	1.5707963267948966	-1.0
1.5707963267948966	2.4544602474292825	0.535713727046302	1.5707963267948966	-1.0
1.5707963267948966	2.460283403413694	0.5292972157846774	1.5707963267948966	-1.0
1.5707963267948966	2.4661065593981046	0.522943902060308	1.5707963267948966	-1.0
1.5707963267948966	2.471929715382516	0.5166524158988838	1.5707963267948966	-1.0
1.5707963267948966	2.477752871366927	0.5104214044621422	1.5707963267948966	-1.0
1.5707963267948966	2.4835760273513383	0.5042495297944015	1.5707963267948966	-1.0
1.5707963267948966	2.489399183335749	0.4981355823568796	1.5707963267948966	-1.0
1.5707963267948966	2.4952223393201605	0.49207823969703585	1.5707963267948966	-1.0
1.5707963267948966	2.501045495304572	0.4860775315461962	1.5707963267948966	-1.0
1.5707963267948966	2.5068686512889826	0.4801298040774078	1.5707963267948966	-1.0
1.5707963267948966	2.512691807273394	0.47423634829405215	1.5707963267948966	-1.0
1.5707963267948966	2.5185149632578048	0.46839480644323633	1.5707963267948966	-1.0
1.5707963267948966	2.5243381192422163	0.46260288764303764	1.5707963267948966	-1.0
1.5707963267948966	2.530161275226627	0.45686190837204754	1.5707963267948966	-1.0
1.5707963267948966	2.5359844312110384	0.45116962053382925	1.5707963267948966	-1.0
1.5707963267948966	2.541807587195449	0.44552616244598625	1.5707963267948966	-1.0
1.5707963267948966	2.5476307431798606	0.43992820415553563	1.5707963267948966	-1.0
1.5707963267948966	2.5534538991642712	0.4343759413771686	1.5707963267948966	-1.0
1.5707963267948966	2.5592770551486828	0.42886955321860243	1.5707963267948966	-1.0
1.5707963267948966	2.5651002111330934	0.4234058379751969	1.5707963267948966	-1.0
1.5707963267948966	2.570923367117505	0.4179861384126302	1.5707963267948966	-1.0
1.5707963267948966	2.5767465231019155	0.4126073330510721	1.5707963267948966	-1.0
1.5707963267948966	2.582569679086327	0.40727077393782546	1.5707963267948966	-1.0
1.5707963267948966	2.5883928350707386	0.40197450826759556	1.5707963267948966	-1.0
1.5707963267948966	2.594215991055149	0.3967176918672534	1.5707963267948966	-1.0
1.5707963267948966	2.6000391470395607	0.39149951652262077	1.5707963267948966	-1.0
1.5707963267948966	2.6058623030239714	0.38631918890996914	1.5707963267948966	-1.0
1.5707963267948966	2.611685459008383	0.38117593007096456	1.5707963267948966	-1.0
1.5707963267948966	2.6175086149927935	0.37607002573210385	1.5707963267948966	-1.0
1.5707963267948966	2.623331770977205	0.3709986582980122	1.5707963267948966	-1.0
1.5707963267948966	2.6291549269616157	0.36596313840632705	1.5707963267948966	-1.0
1.5707963267948966	2.634978082946027	0.36096072696864157	1.5707963267948966	-1.0
1.5707963267948966	2.640801238930438	0.35599274024783795	1.5707963267948966	-1.0
1.5707963267948966	2.6466243949148494	0.35105651898096085	1.5707963267948966	-1.0
1.5707963267948966	2.65244755089926	0.3461533387131063	1.5707963267948966	-1.0
1.5707963267948966	2.6582707068836715	0.3412815389829332	1.5707963267948966	-1.0
1.5707963267948966	2.664093862868083	0.33644055336637024	1.5707963267948966	-1.0
1.5707963267948966	2.6699170188524937	0.3316296776693316	1.5707963267948966	-1.0
1.5707963267948966	2.675740174836905	0.3268483037773598	1.5707963267948966	-1.0
1.5707963267948966	2.681563330821316	0.322095861549476	1.5707963267948966	-1.0
1.5707963267948966	2.6873864868057273	0.31737172530566976	1.5707963267948966	-1.0
1.5707963267948966	2.693209642790138	0.312675285871477	1.5707963267948966	-1.0
1.5707963267948966	2.6990327987745495	0.308006956208498	1.5707963267948966	-1.0
1.5707963267948966	2.70485595475896	0.3033642958468893	1.5707963267948966	-1.0
1.5707963267948966	2.7106791107433716	0.2987476856658715	1.5707963267948966	-1.0
1.5707963267948966	2.7165022667277823	0.2941574347887143	1.5707963267948966	-1.0
1.5707963267948966	2.722325422712194	0.28959126995737616	1.5707963267948966	-1.0
1.5707963267948966	2.7281485786966044	0.2850504367169838	1.5707963267948966	-1.0
1.5707963267948966	2.733971734681016	0.2805334859690227	1.5707963267948966	-1.0
1.5707963267948966	2.7397948906654266	0.2760391637042843	1.5707963267948966	-1.0
1.5707963267948966	2.745618046649838	0.2715685628286778	1.5707963267948966	-1.0
1.5707963267948966	2.7514412026342496	0.26712040234102236	1.5707963267948966	-1.0
1.5707963267948966	2.7572643586186603	0.2626941896502537	1.5707963267948966	-1.0
1.5707963267948966	2.763087514603072	0.25828946394561086	1.5707963267948966	-1.0
1.5707963267948966	2.7689106705874824	0.2539057544553219	1.5707963267948966	-1.0
1.5707963267948966	2.774733826571894	0.2495426132518631	1.5707963267948966	-1.0
1.5707963267948966	2.7805569825563046	0.24519958254655086	1.5707963267948966	-1.0
1.5707963267948966	2.786380138540716	0.240876234195684	1.5707963267948966	-1.0
1.5707963267948966	2.7922032945251267	0.23657281857134232	1.5707963267948966	-1.0
1.5707963267948966	2.7980264505095382	0.2322875167752331	1.5707963267948966	-1.0
1.5707963267948966	2.803849606493949	0.22802056402436344	1.5707963267948966	-1.0
1.5707963267948966	2.8096727624783604	0.2237723260322164	1.5707963267948966	-1.0
1.5707963267948966	2.815495918462771	0.21954093576076422	1.5707963267948966	-1.0
1.5707963267948966	2.8213190744471826	0.21532736552456333	1.5707963267948966	-1.0
1.5707963267948966	2.827142230431594	0.21112990323793795	1.5707963267948966	-1.0
1.5707963267948966	2.8329653864160047	0.20694942654354637	1.5707963267948966	-1.0
1.5707963267948966	2.8387885424004162	0.20278494615900286	1.5707963267948966	-1.0
1.5707963267948966	2.844611698384827	0.19863543169666645	1.5707963267948966	-1.0
1.5707963267948966	2.8504348543692384	0.1945017455399117	1.5707963267948966	-1.0
1.5707963267948966	2.856258010353649	0.19038290329611163	1.5707963267948966	-1.0
1.5707963267948966	2.8620811663380605	0.18627852388283025	1.5707963267948966	-1.0
1.5707963267948966	2.867904322322471	0.18218826942392038	1.5707963267948966	-1.0
1.5707963267948966	2.8737274783068827	0.17811176817651117	1.5707963267948966	-1.0
1.5707963267948966	2.8795506342912933	0.17404866099993951	1.5707963267948966	-1.0
1.5707963267948966	2.885373790275705	0.16999862161973572	1.5707963267948966	-1.0
1.5707963267948966	2.8911969462601155	0.16596129121055392	1.5707963267948966	-1.0
1.5707963267948966	2.897020102244527	0.16193632515952813	1.5707963267948966	-1.0
1.5707963267948966	2.9028432582289385	0.157923884974639	1.5707963267948966	-1.0
1.5707963267948966	2.908666414213349	0.15392265479145883	1.5707963267948966	-1.0
1.5707963267948966	2.9144895701977607	0.14993279264473275	1.5707963267948966	-1.0
1.5707963267948966	2.9203127261821713	0.14595440665440682	1.5707963267948966	-1.0
1.5707963267948966	2.926135882166583	0.14198633488439794	1.5707963267948966	-1.0
1.5707963267948966	2.9319590381509935	0.1380286484231118	1.5707963267948966	-1.0
1.5707963267948966	2.937782194135405	0.13408146737289442	1.5707963267948966	-1.0
1.5707963267948966	2.9436053501198156	0.1301436134639635	1.5707963267948966	-1.0
1.5707963267948966	2.949428506104227	0.12621567869690067	1.5707963267948966	-1.0
1.5707963267948966	2.9552516620886378	0.12229685930663911	1.5707963267948966	-1.0
1.5707963267948966	2.9610748180730493	0.11838650531733269	1.5707963267948966	-1.0
1.5707963267948966	2.96689797405746	0.11448506512207984	1.5707963267948966	-1.0
1.5707963267948966	2.9727211300418714	0.11059186697562205	1.5707963267948966	-1.0
1.5707963267948966	2.978544286026282	0.10670661371015544	1.5707963267948966	-1.0
1.5707963267948966	2.9843674420106936	0.10282900488980634	1.5707963267948966	-1.0
1.5707963267948966	2.990190597995105	0.09895844030127514	1.5707963267948966	-1.0
1.5707963267948966	2.9960137539795157	0.09509526242211043	1.5707963267948966	-1.0
1.5707963267948966	3.0018369099639273	0.09123885439883438	1.5707963267948966	-1.0
1.5707963267948966	3.007660065948338	0.08738896480792749	1.5707963267948966	-1.0
1.5707963267948966	3.0134832219327494	0.08354527440718552	1.5707963267948966	-1.0
1.5707963267948966	3.01930637791716	0.07970776234307961	1.5707963267948966	-1.0
1.5707963267948966	3.0251295339015716	0.075875635646256	1.5707963267948966	-1.0
1.5707963267948966	3.030952689885982	0.0720488787998232	1.5707963267948966	-1.0
1.5707963267948966	3.0367758458703937	0.06822721479983439	1.5707963267948966	-1.0
1.5707963267948966	3.0425990018548044	0.06441036080046453	1.5707963267948966	-1.0
1.5707963267948966	3.048422157839216	0.060598264105820615	1.5707963267948966	-1.0
1.5707963267948966	3.0542453138236265	0.05679022657531809	1.5707963267948966	-1.0
1.5707963267948966	3.060068469808038	0.05298635637295858	1.5707963267948966	-1.0
1.5707963267948966	3.0658916257924496	0.04918603695103802	1.5707963267948966	-1.0
1.5707963267948966	3.07171478177686	0.04538917854645566	1.5707963267948966	-1.0
1.5707963267948966	3.0775379377612717	0.041595644828107105	1.5707963267948966	-1.0
1.5707963267948966	3.0833610937456823	0.03780501295543654	1.5707963267948966	-1.0
1.5707963267948966	3.089184249730094	0.03401690890935429	1.5707963267948966	-1.0
1.5707963267948966	3.0950074057145045	0.030231294351627767	1.5707963267948966	-1.0
1.5707963267948966	3.100830561698916	0.026447700831378228	1.5707963267948966	-1.0
1.5707963267948966	3.1066537176833267	0.022666043561389293	1.5707963267948966	-1.0
1.5707963267948966	3.112476873667738	0.01888596286352637	1.5707963267948966	-1.0
1.5707963267948966	3.118300029652149	0.015107195170434112	1.5707963267948966	-1.0
1.5707963267948966	3.1241231856365603	0.01132947713036183	1.5707963267948966	-1.0
1.5707963267948966	3.129946341620971	0.00755254705910127	1.5707963267948966	-1.0
1.5707963267948966	3.1357694976053825	0.003776142226558733	1.5707963267948966	-1.0
1.5707963267948966	3.141592653589793	7.941350418702464e-17	1.5707963267948966	-1.0
