th	phi	th1	phi1	sign_l
1.5707963267948966	-3.141592653589793	-7.941350418702464e-17	1.5707963267948966	-1.0
1.5707963267948966	-3.135769497605382	-0.003776142226611464	1.5707963267948966	-1.0
1.5707963267948966	-3.129946341620971	-0.00755254705910127	1.5707963267948966	-1.0
1.5707963267948966	-3.12412318563656	-0.011329477130362198	1.5707963267948966	-1.0
1.5707963267948966	-3.118300029652149	-0.015107195170434112	1.5707963267948966	-1.0
1.5707963267948966	-3.1124768736677377	-0.01888596286352665	1.5707963267948966	-1.0
1.5707963267948966	-3.1066537176833267	-0.022666043561389293	1.5707963267948966	-1.0
1.5707963267948966	-3.100830561698915	-0.026447700831378894	1.5707963267948966	-1.0
1.5707963267948966	-3.095007405714504	-0.03023129435162813	1.5707963267948966	-1.0
