th	phi	phi1	th1	sign_l
1.5707963267948966	-3.141592653589793	-1.8904282854247405e-17	1.5707963267948966	-1.0
1.5707963267948966	-3.135769497605382	-0.0008989140233202014	1.5707963267948966	-1.0
1.5707963267948966	-3.129946341620971	-0.001797887899008069	1.5707963267948966	-1.0
1.5707963267948966	-3.12412318563656	-0.002696981495394219	1.5707963267948966	-1.0
1.5707963267948966	-3.118300029652149	-0.003596254712412904	1.5707963267948966	-1.0
1.5707963267948966	-3.1124768736677377	-0.004495767497526422	1.5707963267948966	-1.0
1.5707963267948966	-3.1066537176833267	-0.005395579861570665	1.5707963267948966	-1.0
1.5707963267948966	-3.100830561698915	-0.006295751866695034	1.5707963267948966	-1.0
1.5707963267948966	-3.095007405714504	-0.007196435739324415	1.5707963267948966	-1.0
1.5707963267948966	-3.089184249730093	-0.00809751928626222	1.5707963267948966	-1.0
1.5707963267948966	-3.083361093745682	-0.008999143419511956	1.5707963267948966	-1.0
1.5707963267948966	-3.077537937761271	-0.009901495221760278	1.5707963267948966	-1.0
1.5707963267948966	-3.0717147817768597	-0.010804394007953456	1.5707963267948966	-1.0
1.5707963267948966	-3.0658916257924487	-0.01170816506633115	1.5707963267948966	-1.0
1.5707963267948966	-3.0600684698080376	-0.0126125822543346	1.5707963267948966	-1.0
1.5707963267948966	-3.0542453138236265	-0.013518017125349436	1.5707963267948966	-1.0
1.5707963267948966	-3.0484221578392154	-0.014424198110549888	1.5707963267948966	-1.0
1.5707963267948966	-3.0425990018548044	-0.015331543148758004	1.5707963267948966	-1.0
1.5707963267948966	-3.0367758458703933	-0.016239941943352883	1.5707963267948966	-1.0
1.5707963267948966	-3.030952689885982	-0.017149238870939096	1.5707963267948966	-1.0
1.5707963267948966	-3.025129533901571	-0.01805992133611318	1.5707963267948966	-1.0
1.5707963267948966	-3.0193063779171596	-0.018971845648131362	1.5707963267948966	-1.0
1.5707963267948966	-3.0134832219327485	-0.019885075156684355	1.5707963267948966	-1.0
1.5707963267948966	-3.0076600659483375	-0.02079940981916649	1.5707963267948966	-1.0
1.5707963267948966	-3.0018369099639264	-0.02171542964408245	1.5707963267948966	-1.0
1.5707963267948966	-2.9960137539795153	-0.02263294751454027	1.5707963267948966	-1.0
1.5707963267948966	-2.9901905979951042	-0.02355202755073778	1.5707963267948966	-1.0
1.5707963267948966	-2.984367442010693	-0.02447273527141549	1.5707963267948966	-1.0
1.5707963267948966	-2.978544286026282	-0.025395136468459898	1.5707963267948966	-1.0
1.5707963267948966	-2.972721130041871	-0.026319297396449826	1.5707963267948966	-1.0
1.5707963267948966	-2.96689797405746	-0.02724562813600226	1.5707963267948966	-1.0
1.5707963267948966	-2.961074818073049	-0.028173520703329086	1.5707963267948966	-1.0
1.5707963267948966	-2.9552516620886378	-0.02910337480244319	1.5707963267948966	-1.0
1.5707963267948966	-2.9494285061042267	-0.030035258759532325	1.5707963267948966	-1.0
1.5707963267948966	-2.9436053501198156	-0.03096924107892682	1.5707963267948966	-1.0
1.5707963267948966	-2.937782194135404	-0.03190579271619361	1.5707963267948966	-1.0
1.5707963267948966	-2.931959038150993	-0.03284419391093459	1.5707963267948966	-1.0
1.5707963267948966	-2.926135882166582	-0.033785326662649134	1.5707963267948966	-1.0
1.5707963267948966	-2.920312726182171	-0.03472842930880968	1.5707963267948966	-1.0
1.5707963267948966	-2.91448957019776	-0.03567398474289029	1.5707963267948966	-1.0
1.5707963267948966	-2.9086664142133487	-0.03662252221559918	1.5707963267948966	-1.0
1.5707963267948966	-2.9028432582289376	-0.03757368133964654	1.5707963267948966	-1.0
1.5707963267948966	-2.8970201022445266	-0.038527058580015525	1.5707963267948966	-1.0
1.5707963267948966	-2.8911969462601155	-0.039483674489816586	1.5707963267948966	-1.0
1.5707963267948966	-2.8853737902757044	-0.04044313758615518	1.5707963267948966	-1.0
1.5707963267948966	-2.8795506342912933	-0.04140501311393542	1.5707963267948966	-1.0
1.5707963267948966	-2.8737274783068822	-0.04237039110643196	1.5707963267948966	-1.0
1.5707963267948966	-2.867904322322471	-0.04333884938813325	1.5707963267948966	-1.0
1.5707963267948966	-2.8620811663380596	-0.04431046737908676	1.5707963267948966	-1.0
1.5707963267948966	-2.856258010353649	-0.045285326242371	1.5707963267948966	-1.0
1.5707963267948966	-2.8504348543692375	-0.04626350661387174	1.5707963267948966	-1.0
1.5707963267948966	-2.8446116983848264	-0.04724509112917885	1.5707963267948966	-1.0
1.5707963267948966	-2.8387885424004153	-0.04823016326389959	1.5707963267948966	-1.0
1.5707963267948966	-2.8329653864160043	-0.04921880727220314	1.5707963267948966	-1.0
1.5707963267948966	-2.827142230431593	-0.050211109934172916	1.5707963267948966	-1.0
1.5707963267948966	-2.821319074447182	-0.05120715697911891	1.5707963267948966	-1.0
1.5707963267948966	-2.815495918462771	-0.0522076696098034	1.5707963267948966	-1.0
1.5707963267948966	-2.80967276247836	-0.053211482110604974	1.5707963267948966	-1.0
1.5707963267948966	-2.803849606493949	-0.0542193060525248	1.5707963267948966	-1.0
1.5707963267948966	-2.798026450509538	-0.05523190117388629	1.5707963267948966	-1.0
1.5707963267948966	-2.7922032945251267	-0.05624803798435608	1.5707963267948966	-1.0
1.5707963267948966	-2.7863801385407156	-0.05726915318988971	1.5707963267948966	-1.0
1.5707963267948966	-2.7805569825563046	-0.05829397921351618	1.5707963267948966	-1.0
1.5707963267948966	-2.774733826571893	-0.05932399852153447	1.5707963267948966	-1.0
1.5707963267948966	-2.768910670587482	-0.060358622352378315	1.5707963267948966	-1.0
1.5707963267948966	-2.763087514603071	-0.06139722098884576	1.5707963267948966	-1.0
1.5707963267948966	-2.75726435861866	-0.06244134528114353	1.5707963267948966	-1.0
1.5707963267948966	-2.7514412026342487	-0.06349037949837297	1.5707963267948966	-1.0
1.5707963267948966	-2.7456180466498377	-0.06454442862270915	1.5707963267948966	-1.0
1.5707963267948966	-2.7397948906654266	-0.06560359909508054	1.5707963267948966	-1.0
1.5707963267948966	-2.7339717346810155	-0.0666679993008682	1.5707963267948966	-1.0
1.5707963267948966	-2.7281485786966044	-0.06773774007494361	1.5707963267948966	-1.0
1.5707963267948966	-2.7223254227121934	-0.0688129330167569	1.5707963267948966	-1.0
1.5707963267948966	-2.7165022667277823	-0.06989369201483153	1.5707963267948966	-1.0
1.5707963267948966	-2.710679110743371	-0.07098013305313967	1.5707963267948966	-1.0
1.5707963267948966	-2.70485595475896	-0.07207237448537217	1.5707963267948966	-1.0
1.5707963267948966	-2.6990327987745486	-0.07317138211149374	1.5707963267948966	-1.0
1.5707963267948966	-2.6932096427901375	-0.07427559557732216	1.5707963267948966	-1.0
1.5707963267948966	-2.6873864868057264	-0.07538684384055379	1.5707963267948966	-1.0
1.5707963267948966	-2.6815633308213154	-0.07650352840161811	1.5707963267948966	-1.0
1.5707963267948966	-2.6757401748369043	-0.07762752206752191	1.5707963267948966	-1.0
1.5707963267948966	-2.669917018852493	-0.07875719260511908	1.5707963267948966	-1.0
1.5707963267948966	-2.664093862868082	-0.07989445818096998	1.5707963267948966	-1.0
1.5707963267948966	-2.658270706883671	-0.08103856716101557	1.5707963267948966	-1.0
1.5707963267948966	-2.65244755089926	-0.08218965956542443	1.5707963267948966	-1.0
1.5707963267948966	-2.646624394914849	-0.08334787587724272	1.5707963267948966	-1.0
1.5707963267948966	-2.640801238930438	-0.08451241144981773	1.5707963267948966	-1.0
1.5707963267948966	-2.6349780829460268	-0.08568626111493804	1.5707963267948966	-1.0
1.5707963267948966	-2.6291549269616157	-0.08686672706660706	1.5707963267948966	-1.0
1.5707963267948966	-2.623331770977204	-0.08805491153320853	1.5707963267948966	-1.0
1.5707963267948966	-2.6175086149927935	-0.08925097079374968	1.5707963267948966	-1.0
1.5707963267948966	-2.611685459008382	-0.09045506345264633	1.5707963267948966	-1.0
1.5707963267948966	-2.605862303023971	-0.0916683615500427	1.5707963267948966	-1.0
1.5707963267948966	-2.60003914703956	-0.0928890231992215	1.5707963267948966	-1.0
1.5707963267948966	-2.5942159910551488	-0.09411924461194679	1.5707963267948966	-1.0
1.5707963267948966	-2.5883928350707377	-0.09535715256911573	1.5707963267948966	-1.0
1.5707963267948966	-2.5825696790863266	-0.09660498890979408	1.5707963267948966	-1.0
1.5707963267948966	-2.5767465231019155	-0.09786190780316067	1.5707963267948966	-1.0
1.5707963267948966	-2.5709233671175045	-0.0991280913672628	1.5707963267948966	-1.0
1.5707963267948966	-2.5651002111330934	-0.10040372902881294	1.5707963267948966	-1.0
1.5707963267948966	-2.5592770551486823	-0.10168901294616345	1.5707963267948966	-1.0
1.5707963267948966	-2.5534538991642712	-0.10298414001274976	1.5707963267948966	-1.0
1.5707963267948966	-2.54763074317986	-0.10428931138711905	1.5707963267948966	-1.0
1.5707963267948966	-2.541807587195449	-0.10560473256540946	1.5707963267948966	-1.0
1.5707963267948966	-2.5359844312110376	-0.10693061409938051	1.5707963267948966	-1.0
1.5707963267948966	-2.530161275226627	-0.10826830560420021	1.5707963267948966	-1.0
1.5707963267948966	-2.5243381192422154	-0.10961576820017391	1.5707963267948966	-1.0
1.5707963267948966	-2.5185149632578043	-0.11097550516102334	1.5707963267948966	-1.0
1.5707963267948966	-2.5126918072733933	-0.1123466127921954	1.5707963267948966	-1.0
1.5707963267948966	-2.506868651288982	-0.11372932711812701	1.5707963267948966	-1.0
1.5707963267948966	-2.501045495304571	-0.1151227094878377	1.5707963267948966	-1.0
1.5707963267948966	-2.49522233932016	-0.11652935974259465	1.5707963267948966	-1.0
1.5707963267948966	-2.489399183335749	-0.11794955907744133	1.5707963267948966	-1.0
1.5707963267948966	-2.483576027351338	-0.11938117865712113	1.5707963267948966	-1.0
1.5707963267948966	-2.477752871366927	-0.12082567353625523	1.5707963267948966	-1.0
1.5707963267948966	-2.4719297153825157	-0.12228331899746123	1.5707963267948966	-1.0
1.5707963267948966	-2.4661065593981046	-0.12375562869780915	1.5707963267948966	-1.0
1.5707963267948966	-2.460283403413693	-0.12524167229992722	1.5707963267948966	-1.0
1.5707963267948966	-2.4544602474292825	-0.1267404911336805	1.5707963267948966	-1.0
1.5707963267948966	-2.448637091444871	-0.12825488418985925	1.5707963267948966	-1.0
1.5707963267948966	-2.44281393546046	-0.12978391812965648	1.5707963267948966	-1.0
1.5707963267948966	-2.436990779476049	-0.13132790932362587	1.5707963267948966	-1.0
1.5707963267948966	-2.4311676234916377	-0.13288847265101264	1.5707963267948966	-1.0
1.5707963267948966	-2.4253444675072267	-0.13446337619350718	1.5707963267948966	-1.0
1.5707963267948966	-2.4195213115228156	-0.1360542419336984	1.5707963267948966	-1.0
1.5707963267948966	-2.4136981555384045	-0.13766273778781382	1.5707963267948966	-1.0
1.5707963267948966	-2.4078749995539934	-0.1392879309434574	1.5707963267948966	-1.0
1.5707963267948966	-2.4020518435695823	-0.1409288608776488	1.5707963267948966	-1.0
1.5707963267948966	-2.3962286875851713	-0.14258856594010735	1.5707963267948966	-1.0
1.5707963267948966	-2.39040553160076	-0.14426746548866354	1.5707963267948966	-1.0
1.5707963267948966	-2.3845823756163487	-0.14596327614525775	1.5707963267948966	-1.0
1.5707963267948966	-2.378759219631938	-0.14767775390151183	1.5707963267948966	-1.0
1.5707963267948966	-2.3729360636475265	-0.14941270090485764	1.5707963267948966	-1.0
1.5707963267948966	-2.367112907663116	-0.15116581886854455	1.5707963267948966	-1.0
1.5707963267948966	-2.3612897516787044	-0.15294031805826114	1.5707963267948966	-1.0
1.5707963267948966	-2.3554665956942933	-0.15473529043804335	1.5707963267948966	-1.0
1.5707963267948966	-2.349643439709882	-0.15655121703521152	1.5707963267948966	-1.0
1.5707963267948966	-2.343820283725471	-0.15839000766423422	1.5707963267948966	-1.0
1.5707963267948966	-2.33799712774106	-0.16024935135552204	1.5707963267948966	-1.0
1.5707963267948966	-2.332173971756649	-0.16213261025538986	1.5707963267948966	-1.0
1.5707963267948966	-2.326350815772238	-0.16403891206711088	1.5707963267948966	-1.0
1.5707963267948966	-2.320527659787827	-0.1659688146608464	1.5707963267948966	-1.0
1.5707963267948966	-2.3147045038034157	-0.1679228938379389	1.5707963267948966	-1.0
1.5707963267948966	-2.3088813478190047	-0.1699017432395542	1.5707963267948966	-1.0
1.5707963267948966	-2.3030581918345936	-0.17190744523912474	1.5707963267948966	-1.0
1.5707963267948966	-2.297235035850182	-0.17393917771432557	1.5707963267948966	-1.0
1.5707963267948966	-2.2914118798657714	-0.1759975934932691	1.5707963267948966	-1.0
1.5707963267948966	-2.28558872388136	-0.17808336643722605	1.5707963267948966	-1.0
1.5707963267948966	-2.279765567896949	-0.18019719230999146	1.5707963267948966	-1.0
1.5707963267948966	-2.2739424119125378	-0.18234129728556478	1.5707963267948966	-1.0
1.5707963267948966	-2.2681192559281267	-0.18451341747814176	1.5707963267948966	-1.0
1.5707963267948966	-2.2622960999437156	-0.18671734297419987	1.5707963267948966	-1.0
1.5707963267948966	-2.2564729439593045	-0.1889538902301426	1.5707963267948966	-1.0
1.5707963267948966	-2.2506497879748935	-0.19122082893689987	1.5707963267948966	-1.0
1.5707963267948966	-2.2448266319904824	-0.1935220750045453	1.5707963267948966	-1.0
1.5707963267948966	-2.2390034760060713	-0.1958569785721124	1.5707963267948966	-1.0
1.5707963267948966	-2.2331803200216602	-0.19822645031603237	1.5707963267948966	-1.0
1.5707963267948966	-2.227357164037249	-0.20063299825456746	1.5707963267948966	-1.0
1.5707963267948966	-2.2215340080528376	-0.20307447702471276	1.5707963267948966	-1.0
1.5707963267948966	-2.215710852068427	-0.20555503565631558	1.5707963267948966	-1.0
1.5707963267948966	-2.2098876960840155	-0.20807574485155036	1.5707963267948966	-1.0
1.5707963267948966	-2.2040645400996044	-0.2106345277817534	1.5707963267948966	-1.0
1.5707963267948966	-2.1982413841151933	-0.21323569262036898	1.5707963267948966	-1.0
1.5707963267948966	-2.1924182281307822	-0.21587882466273775	1.5707963267948966	-1.0
1.5707963267948966	-2.186595072146371	-0.21856675402966708	1.5707963267948966	-1.0
1.5707963267948966	-2.18077191616196	-0.2212991435793124	1.5707963267948966	-1.0
1.5707963267948966	-2.174948760177549	-0.22407730598753403	1.5707963267948966	-1.0
1.5707963267948966	-2.169125604193138	-0.22690260486096045	1.5707963267948966	-1.0
1.5707963267948966	-2.163302448208727	-0.22977809801234006	1.5707963267948966	-1.0
1.5707963267948966	-2.157479292224316	-0.23270363352059012	1.5707963267948966	-1.0
1.5707963267948966	-2.1516561362399047	-0.2356823988052656	1.5707963267948966	-1.0
1.5707963267948966	-2.1458329802554936	-0.23871435133348115	1.5707963267948966	-1.0
1.5707963267948966	-2.1400098242710826	-0.24180115494027443	1.5707963267948966	-1.0
1.5707963267948966	-2.134186668286671	-0.2449462140549039	1.5707963267948966	-1.0
1.5707963267948966	-2.1283635123022604	-0.24814967633794757	1.5707963267948966	-1.0
1.5707963267948966	-2.122540356317849	-0.2514151090495971	1.5707963267948966	-1.0
1.5707963267948966	-2.1167172003334382	-0.25474280640125957	1.5707963267948966	-1.0
1.5707963267948966	-2.1108940443490267	-0.25813651449369623	1.5707963267948966	-1.0
1.5707963267948966	-2.1050708883646156	-0.2615966924322481	1.5707963267948966	-1.0
1.5707963267948966	-2.0992477323802046	-0.26512557794892105	1.5707963267948966	-1.0
1.5707963267948966	-2.0934245763957935	-0.26872722246501984	1.5707963267948966	-1.0
1.5707963267948966	-2.0876014204113824	-0.2724040895205444	1.5707963267948966	-1.0
1.5707963267948966	-2.0817782644269713	-0.2761570319710607	1.5707963267948966	-1.0
1.5707963267948966	-2.0759551084425603	-0.27998872899601446	1.5707963267948966	-1.0
1.5707963267948966	-2.0701319524581487	-0.28390545817628204	1.5707963267948966	-1.0
1.5707963267948966	-2.064308796473738	-0.28790497200645604	1.5707963267948966	-1.0
1.5707963267948966	-2.0584856404893266	-0.2919955772059122	1.5707963267948966	-1.0
1.5707963267948966	-2.052662484504916	-0.29617703992517325	1.5707963267948966	-1.0
1.5707963267948966	-2.0468393285205044	-0.3004545151429429	1.5707963267948966	-1.0
1.5707963267948966	-2.041016172536094	-0.3048298269059684	1.5707963267948966	-1.0
1.5707963267948966	-2.0351930165516823	-0.3093084951292733	1.5707963267948966	-1.0
1.5707963267948966	-2.029369860567271	-0.3138944832245585	1.5707963267948966	-1.0
1.5707963267948966	-2.02354670458286	-0.31859196170241505	1.5707963267948966	-1.0
1.5707963267948966	-2.017723548598449	-0.3234053222730011	1.5707963267948966	-1.0
1.5707963267948966	-2.011900392614038	-0.32833740661010463	1.5707963267948966	-1.0
1.5707963267948966	-2.006077236629627	-0.33339487278307606	1.5707963267948966	-1.0
1.5707963267948966	-2.000254080645216	-0.3385828725826923	1.5707963267948966	-1.0
1.5707963267948966	-1.9944309246608047	-0.34390684731007953	1.5707963267948966	-1.0
1.5707963267948966	-1.9886077686763934	-0.349372548727392	1.5707963267948966	-1.0
1.5707963267948966	-1.9827846126919824	-0.35498606171403335	1.5707963267948966	-1.0
1.5707963267948966	-1.9769614567075713	-0.3607556447977485	1.5707963267948966	-1.0
1.5707963267948966	-1.9711383007231602	-0.3666844989762458	1.5707963267948966	-1.0
1.5707963267948966	-1.9653151447387491	-0.37278167709267923	1.5707963267948966	-1.0
1.5707963267948966	-1.959491988754338	-0.3790566972709284	1.5707963267948966	-1.0
1.5707963267948966	-1.953668832769927	-0.385515909462712	1.5707963267948966	-1.0
1.5707963267948966	-1.9478456767855157	-0.39216800490897885	1.5707963267948966	-1.0
1.5707963267948966	-1.9420225208011046	-0.3990240796858063	1.5707963267948966	-1.0
1.5707963267948966	-1.9361993648166935	-0.4060921647715111	1.5707963267948966	-1.0
1.5707963267948966	-1.9303762088322824	-0.4133827858522332	1.5707963267948966	-1.0
1.5707963267948966	-1.9245530528478714	-0.42091089595034253	1.5707963267948966	-1.0
1.5707963267948966	-1.9187298968634603	-0.42868297050737014	1.5707963267948966	-1.0
1.5707963267948966	-1.9129067408790492	-0.436717461629951	1.5707963267948966	-1.0
1.5707963267948966	-1.907083584894638	-0.4450263326637188	1.5707963267948966	-1.0
1.5707963267948966	-1.9012604289102268	-0.453622546816882	1.5707963267948966	-1.0
1.5707963267948966	-1.8954372729258158	-0.46252578345406953	1.5707963267948966	-1.0
1.5707963267948966	-1.8896141169414047	-0.4717513384423339	1.5707963267948966	-1.0
1.5707963267948966	-1.8837909609569936	-0.4813177121145695	1.5707963267948966	-1.0
1.5707963267948966	-1.8779678049725825	-0.4912448775831238	1.5707963267948966	-1.0
1.5707963267948966	-1.8721446489881712	-0.5015563201227737	1.5707963267948966	-1.0
1.5707963267948966	-1.8663214930037602	-0.5122754430402433	1.5707963267948966	-1.0
1.5707963267948966	-1.860498337019349	-0.5234276373427694	1.5707963267948966	-1.0
1.5707963267948966	-1.854675181034938	-0.5350405009122317	1.5707963267948966	-1.0
1.5707963267948966	-1.848852025050527	-0.5471440872035974	1.5707963267948966	-1.0
1.5707963267948966	-1.8430288690661158	-0.5597711884585206	1.5707963267948966	-1.0
1.5707963267948966	-1.8372057130817048	-0.5729595670206714	1.5707963267948966	-1.0
1.5707963267948966	-1.8313825570972935	-0.5867485229037971	1.5707963267948966	-1.0
1.5707963267948966	-1.8255594011128824	-0.601183132674676	1.5707963267948966	-1.0
1.5707963267948966	-1.8197362451284713	-0.6163090111950714	1.5707963267948966	-1.0
1.5707963267948966	-1.8139130891440602	-0.6321786144079687	1.5707963267948966	-1.0
1.5707963267948966	-1.8080899331596492	-0.6488538446901988	1.5707963267948966	-1.0
1.5707963267948966	-1.802266777175238	-0.6663991652013389	1.5707963267948966	-1.0
1.5707963267948966	-1.796443621190827	-0.6848844213447418	1.5707963267948966	-1.0
1.5707963267948966	-1.7906204652064157	-0.704393635219223	1.5707963267948966	-1.0
1.5707963267948966	-1.7847973092220046	-0.7250166795690511	1.5707963267948966	-1.0
1.5707963267948966	-1.7789741532375936	-0.7468566031313036	1.5707963267948966	-1.0
1.5707963267948966	-1.7731509972531825	-0.7700276307232211	1.5707963267948966	-1.0
1.5707963267948966	-1.7673278412687714	-0.7946612833499164	1.5707963267948966	-1.0
1.5707963267948966	-1.7615046852843603	-0.8209071970188998	1.5707963267948966	-1.0
1.5707963267948966	-1.7556815292999493	-0.8489345579848876	1.5707963267948966	-1.0
1.5707963267948966	-1.749858373315538	-0.8789440621804355	1.5707963267948966	-1.0
1.5707963267948966	-1.7440352173311269	-0.9111595566790663	1.5707963267948966	-1.0
1.5707963267948966	-1.7382120613467158	-0.945850222359786	1.5707963267948966	-1.0
1.5707963267948966	-1.7323889053623047	-0.983327383689623	1.5707963267948966	-1.0
1.5707963267948966	-1.7265657493778936	-1.0239593772453193	1.5707963267948966	-1.0
1.5707963267948966	-1.7207425933934826	-1.0681918450990344	1.5707963267948966	-1.0
1.5707963267948966	-1.7149194374090715	-1.1165533293632723	1.5707963267948966	-1.0
1.5707963267948966	-1.7090962814246602	-1.1696990530404916	1.5707963267948966	-1.0
1.5707963267948966	-1.7032731254402491	-1.2284316450128652	1.5707963267948966	-1.0
1.5707963267948966	-1.697449969455838	-1.2937645980411558	1.5707963267948966	-1.0
1.5707963267948966	-1.691626813471427	-1.36698814020677	1.5707963267948966	-1.0
1.5707963267948966	-1.6858036574870159	-1.4497974527236994	1.5707963267948966	-1.0
1.5707963267948966	-1.6799805015026048	-1.5444593486498055	1.5707963267948966	-1.0
1.5707963267948966	-1.6741573455181937	-1.6541209368163516	1.5707963267948966	-1.0
1.5707963267948966	-1.6683341895337824	-1.7833369150370404	1.5707963267948966	-1.0
1.5707963267948966	-1.6625110335493714	-1.939077551752647	1.5707963267948966	-1.0
1.5707963267948966	-1.6566878775649603	-2.132897505873475	1.5707963267948966	-1.0
1.5707963267948966	-1.6508647215805492	-2.3863970594523747	1.5707963267948966	-1.0
1.5707963267948966	-1.6450415655961381	-2.7490208295907825	1.5707963267948966	-1.0
1.5707963267948966	-1.639218409611727	-3.397404239852948	1.5707963267948966	-1.0
1.5707963267948966	-1.633395253627316	-4.216358556503861	1.5707963267948966	1.0
1.5707963267948966	-1.6275720976429047	-3.5118414826762967	1.5707963267948966	1.0
1.5707963267948966	-1.6217489416584936	-3.2615261308825785	1.5707963267948966	1.0
1.5707963267948966	-1.6159257856740825	-3.096062842288396	1.5707963267948966	1.0
1.5707963267948966	-1.6101026296896714	-2.9590188700919535	1.5707963267948966	1.0
1.5707963267948966	-1.6042794737052604	-2.8282511456900483	1.5707963267948966	1.0
1.5707963267948966	-1.5984563177208493	-2.689343189056629	1.5707963267948966	1.0
1.5707963267948966	-1.5926331617364382	-2.52841711271695	1.5707963267948966	1.0
1.5707963267948966	-1.586810005752027	-2.329169884879132	1.5707963267948966	1.0
1.5707963267948966	-1.5809868497676158	-2.0740886985776577	1.5707963267948966	1.0
1.5707963267948966	-1.5751636937832048	-1.7571101328974665	1.5707963267948966	1.0
1.5707963267948966	-1.5693405377987937	-1.4094131311156028	1.5707963267948966	1.0
1.5707963267948966	-1.5635173818143826	-1.0949045686881327	1.5707963267948966	1.0
1.5707963267948966	-1.5576942258299715	-0.8532825081300519	1.5707963267948966	1.0
1.5707963267948966	-1.5518710698455604	-0.6810383380531903	1.5707963267948966	1.0
1.5707963267948966	-1.5460479138611491	-0.5591493972455234	1.5707963267948966	1.0
1.5707963267948966	-1.540224757876738	-0.4709695516134821	1.5707963267948966	1.0
1.5707963267948966	-1.534401601892327	-0.40525188488978214	1.5707963267948966	1.0
1.5707963267948966	-1.528578445907916	-0.3548243114205303	1.5707963267948966	1.0
1.5707963267948966	-1.5227552899235048	-0.31511460532903046	1.5707963267948966	1.0
1.5707963267948966	-1.5169321339390938	-0.28313599950423896	1.5707963267948966	1.0
1.5707963267948966	-1.5111089779546827	-0.25688706297305564	1.5707963267948966	1.0
1.5707963267948966	-1.5052858219702714	-0.2349838828984063	1.5707963267948966	1.0
1.5707963267948966	-1.4994626659858603	-0.2164497002064176	1.5707963267948966	1.0
1.5707963267948966	-1.4936395100014492	-0.20057047243520143	1.5707963267948966	1.0
1.5707963267948966	-1.4878163540170382	-0.18682157015077366	1.5707963267948966	1.0
1.5707963267948966	-1.481993198032627	-0.1748059896226238	1.5707963267948966	1.0
1.5707963267948966	-1.476170042048216	-0.1642153185785938	1.5707963267948966	1.0
1.5707963267948966	-1.470346886063805	-0.1548151244388426	1.5707963267948966	1.0
1.5707963267948966	-1.4645237300793936	-0.14641557874868302	1.5707963267948966	1.0
1.5707963267948966	-1.4587005740949825	-0.13886634203198117	1.5707963267948966	1.0
1.5707963267948966	-1.4528774181105715	-0.1320427352671521	1.5707963267948966	1.0
1.5707963267948966	-1.4470542621261604	-0.1258458353603685	1.5707963267948966	1.0
1.5707963267948966	-1.4412311061417493	-0.12019423750085946	1.5707963267948966	1.0
1.5707963267948966	-1.4354079501573382	-0.11501885778244202	1.5707963267948966	1.0
1.5707963267948966	-1.4295847941729272	-0.11026047314551742	1.5707963267948966	1.0
1.5707963267948966	-1.4237616381885159	-0.10587173861467865	1.5707963267948966	1.0
1.5707963267948966	-1.4179384822041048	-0.1018117886801425	1.5707963267948966	1.0
1.5707963267948966	-1.4121153262196937	-0.0980450777886521	1.5707963267948966	1.0
1.5707963267948966	-1.4062921702352826	-0.0945385117193297	1.5707963267948966	1.0
1.5707963267948966	-1.4004690142508716	-0.0912665671053564	1.5707963267948966	1.0
1.5707963267948966	-1.3946458582664605	-0.0882087341035137	1.5707963267948966	1.0
1.5707963267948966	-1.3888227022820492	-0.08534124768558297	1.5707963267948966	1.0
1.5707963267948966	-1.382999546297638	-0.0826483785683281	1.5707963267948966	1.0
1.5707963267948966	-1.377176390313227	-0.08011625866846427	1.5707963267948966	1.0
1.5707963267948966	-1.371353234328816	-0.0777267989534758	1.5707963267948966	1.0
1.5707963267948966	-1.3655300783444049	-0.07547104933805888	1.5707963267948966	1.0
1.5707963267948966	-1.3597069223599938	-0.07333736756985892	1.5707963267948966	1.0
1.5707963267948966	-1.3538837663755827	-0.07131707757754939	1.5707963267948966	1.0
1.5707963267948966	-1.3480606103911714	-0.06939854015003415	1.5707963267948966	1.0
1.5707963267948966	-1.3422374544067603	-0.06757669372013636	1.5707963267948966	1.0
1.5707963267948966	-1.3364142984223493	-0.06584330516574896	1.5707963267948966	1.0
1.5707963267948966	-1.3305911424379382	-0.06419075441517434	1.5707963267948966	1.0
1.5707963267948966	-1.3247679864535271	-0.06261579848597576	1.5707963267948966	1.0
1.5707963267948966	-1.318944830469116	-0.061111824975755166	1.5707963267948966	1.0
1.5707963267948966	-1.313121674484705	-0.05967265060214399	1.5707963267948966	1.0
1.5707963267948966	-1.3072985185002937	-0.058298201808154815	1.5707963267948966	1.0
1.5707963267948966	-1.3014753625158826	-0.056979185125309924	1.5707963267948966	1.0
1.5707963267948966	-1.2956522065314715	-0.05571615272649672	1.5707963267948966	1.0
1.5707963267948966	-1.2898290505470604	-0.05450230186289551	1.5707963267948966	1.0
1.5707963267948966	-1.2840058945626494	-0.0533367822825729	1.5707963267948966	1.0
1.5707963267948966	-1.2781827385782383	-0.05221705437275994	1.5707963267948966	1.0
1.5707963267948966	-1.2723595825938272	-0.05113888362621639	1.5707963267948966	1.0
1.5707963267948966	-1.266536426609416	-0.05010199722768509	1.5707963267948966	1.0
1.5707963267948966	-1.2607132706250048	-0.04910062133424311	1.5707963267948966	1.0
1.5707963267948966	-1.2548901146405937	-0.04813667031184135	1.5707963267948966	1.0
1.5707963267948966	-1.2490669586561827	-0.0472046613615345	1.5707963267948966	1.0
1.5707963267948966	-1.2432438026717716	-0.04630674732584092	1.5707963267948966	1.0
1.5707963267948966	-1.2374206466873605	-0.04543768990157146	1.5707963267948966	1.0
1.5707963267948966	-1.2315974907029494	-0.04459610908757632	1.5707963267948966	1.0
1.5707963267948966	-1.2257743347185381	-0.04378443795452334	1.5707963267948966	1.0
1.5707963267948966	-1.219951178734127	-0.04299773700823185	1.5707963267948966	1.0
1.5707963267948966	-1.214128022749716	-0.04223488095107433	1.5707963267948966	1.0
1.5707963267948966	-1.208304866765305	-0.04149481527767667	1.5707963267948966	1.0
1.5707963267948966	-1.2024817107808938	-0.04077839554761896	1.5707963267948966	1.0
1.5707963267948966	-1.1966585547964828	-0.04008284151044908	1.5707963267948966	1.0
1.5707963267948966	-1.1908353988120717	-0.0394072811453354	1.5707963267948966	1.0
1.5707963267948966	-1.1850122428276604	-0.0387508940978578	1.5707963267948966	1.0
1.5707963267948966	-1.1791890868432493	-0.038114735090301305	1.5707963267948966	1.0
1.5707963267948966	-1.1733659308588382	-0.0374944177563729	1.5707963267948966	1.0
1.5707963267948966	-1.1675427748744271	-0.036891086338278097	1.5707963267948966	1.0
1.5707963267948966	-1.161719618890016	-0.03630590575356373	1.5707963267948966	1.0
1.5707963267948966	-1.155896462905605	-0.03573463147808372	1.5707963267948966	1.0
1.5707963267948966	-1.150073306921194	-0.03517850116366736	1.5707963267948966	1.0
1.5707963267948966	-1.1442501509367826	-0.034635166088383885	1.5707963267948966	1.0
1.5707963267948966	-1.1384269949523715	-0.034107709368436115	1.5707963267948966	1.0
1.5707963267948966	-1.1326038389679605	-0.03359204276089228	1.5707963267948966	1.0
1.5707963267948966	-1.1267806829835494	-0.03308949714228461	1.5707963267948966	1.0
1.5707963267948966	-1.1209575269991383	-0.03259962712130835	1.5707963267948966	1.0
1.5707963267948966	-1.1151343710147272	-0.03212200869033794	1.5707963267948966	1.0
1.5707963267948966	-1.1093112150303162	-0.031654469374748764	1.5707963267948966	1.0
1.5707963267948966	-1.103488059045905	-0.03119664042142366	1.5707963267948966	1.0
1.5707963267948966	-1.097664903061494	-0.030751690034658715	1.5707963267948966	1.0
1.5707963267948966	-1.091841747077083	-0.030313991547539446	1.5707963267948966	1.0
1.5707963267948966	-1.0860185910926714	-0.029888489822820264	1.5707963267948966	1.0
1.5707963267948966	-1.0801954351082603	-0.029471363699995475	1.5707963267948966	1.0
1.5707963267948966	-1.0743722791238492	-0.029062325371125484	1.5707963267948966	1.0
1.5707963267948966	-1.0685491231394382	-0.028662832716744382	1.5707963267948966	1.0
1.5707963267948966	-1.062725967155027	-0.0282726071562013	1.5707963267948966	1.0
1.5707963267948966	-1.056902811170616	-0.027889660806942895	1.5707963267948966	1.0
1.5707963267948966	-1.051079655186205	-0.027513755080806293	1.5707963267948966	1.0
1.5707963267948966	-1.0452564992017939	-0.02714637113863325	1.5707963267948966	1.0
1.5707963267948966	-1.0394333432173828	-0.026785570023385	1.5707963267948966	1.0
1.5707963267948966	-1.0336101872329717	-0.02643284080989181	1.5707963267948966	1.0
1.5707963267948966	-1.0277870312485606	-0.02608627447137856	1.5707963267948966	1.0
1.5707963267948966	-1.0219638752641496	-0.02574567980903295	1.5707963267948966	1.0
1.5707963267948966	-1.0161407192797385	-0.025412553548438098	1.5707963267948966	1.0
1.5707963267948966	-1.0103175632953274	-0.025085028356802472	1.5707963267948966	1.0
1.5707963267948966	-1.0044944073109159	-0.024762935780592642	1.5707963267948966	1.0
1.5707963267948966	-0.9986712513265048	-0.024447776558927766	1.5707963267948966	1.0
1.5707963267948966	-0.9928480953420937	-0.024137721451317515	1.5707963267948966	1.0
1.5707963267948966	-0.9870249393576827	-0.023834271224971885	1.5707963267948966	1.0
1.5707963267948966	-0.9812017833732716	-0.023535621054472253	1.5707963267948966	1.0
1.5707963267948966	-0.9753786273888605	-0.02324163413428057	1.5707963267948966	1.0
1.5707963267948966	-0.9695554714044494	-0.02295217854943222	1.5707963267948966	1.0
1.5707963267948966	-0.9637323154200383	-0.022668750594971202	1.5707963267948966	1.0
1.5707963267948966	-0.9579091594356273	-0.022389592299990792	1.5707963267948966	1.0
1.5707963267948966	-0.9520860034512162	-0.022114586467387266	1.5707963267948966	1.0
1.5707963267948966	-0.9462628474668051	-0.021843619939193485	1.5707963267948966	1.0
1.5707963267948966	-0.940439691482394	-0.02157818074062751	1.5707963267948966	1.0
1.5707963267948966	-0.934616535497983	-0.021316553999925155	1.5707963267948966	1.0
1.5707963267948966	-0.9287933795135719	-0.021058638855556904	1.5707963267948966	1.0
1.5707963267948966	-0.9229702235291604	-0.020805913687994403	1.5707963267948966	1.0
1.5707963267948966	-0.9171470675447493	-0.020555126685382025	1.5707963267948966	1.0
1.5707963267948966	-0.9113239115603382	-0.020309331507230046	1.5707963267948966	1.0
1.5707963267948966	-0.9055007555759271	-0.020066865097404147	1.5707963267948966	1.0
1.5707963267948966	-0.899677599591516	-0.019827643090933225	1.5707963267948966	1.0
1.5707963267948966	-0.893854443607105	-0.019593125030270584	1.5707963267948966	1.0
1.5707963267948966	-0.8880312876226939	-0.01936167688932146	1.5707963267948966	1.0
1.5707963267948966	-0.8822081316382828	-0.01913322303024828	1.5707963267948966	1.0
1.5707963267948966	-0.8763849756538717	-0.018907690172882654	1.5707963267948966	1.0
1.5707963267948966	-0.8705618196694607	-0.018685007302225956	1.5707963267948966	1.0
1.5707963267948966	-0.8647386636850496	-0.018465105580253785	1.5707963267948966	1.0
1.5707963267948966	-0.8589155077006385	-0.01824941527661518	1.5707963267948966	1.0
1.5707963267948966	-0.8530923517162274	-0.01803636069375886	1.5707963267948966	1.0
1.5707963267948966	-0.8472691957318164	-0.017825879871184936	1.5707963267948966	1.0
1.5707963267948966	-0.8414460397474048	-0.017617912689865404	1.5707963267948966	1.0
1.5707963267948966	-0.8356228837629938	-0.017412400803625626	1.5707963267948966	1.0
1.5707963267948966	-0.8297997277785827	-0.01721074559626909	1.5707963267948966	1.0
1.5707963267948966	-0.8239765717941716	-0.01700996939448913	1.5707963267948966	1.0
1.5707963267948966	-0.8181534158097605	-0.016812926738645886	1.5707963267948966	1.0
1.5707963267948966	-0.8123302598253495	-0.016618108440072738	1.5707963267948966	1.0
1.5707963267948966	-0.8065071038409384	-0.016425464785060462	1.5707963267948966	1.0
1.5707963267948966	-0.8006839478565273	-0.016234947460673468	1.5707963267948966	1.0
1.5707963267948966	-0.7948607918721162	-0.016046509505448718	1.5707963267948966	1.0
1.5707963267948966	-0.7890376358877051	-0.015861508075223085	1.5707963267948966	1.0
1.5707963267948966	-0.7832144799032941	-0.015677086140079607	1.5707963267948966	1.0
1.5707963267948966	-0.777391323918883	-0.015495997588664729	1.5707963267948966	1.0
1.5707963267948966	-0.7715681679344719	-0.015316798198257535	1.5707963267948966	1.0
1.5707963267948966	-0.7657450119500608	-0.015139447674488306	1.5707963267948966	1.0
1.5707963267948966	-0.7599218559656493	-0.014963906800845469	1.5707963267948966	1.0
1.5707963267948966	-0.7540986999812382	-0.014790137402742643	1.5707963267948966	1.0
1.5707963267948966	-0.7482755439968272	-0.014618102313034929	1.5707963267948966	1.0
1.5707963267948966	-0.7424523880124161	-0.01444910188129561	1.5707963267948966	1.0
1.5707963267948966	-0.736629232028005	-0.014280420304354002	1.5707963267948966	1.0
1.5707963267948966	-0.7308060760435939	-0.014114687243794074	1.5707963267948966	1.0
1.5707963267948966	-0.7249829200591829	-0.013950533189848157	1.5707963267948966	1.0
1.5707963267948966	-0.7191597640747718	-0.013787926012016437	1.5707963267948966	1.0
1.5707963267948966	-0.7133366080903607	-0.013626834390161892	1.5707963267948966	1.0
1.5707963267948966	-0.7075134521059496	-0.01346722778900212	1.5707963267948966	1.0
1.5707963267948966	-0.7016902961215385	-0.013309076433575854	1.5707963267948966	1.0
1.5707963267948966	-0.6958671401371275	-0.013152351285641965	1.5707963267948966	1.0
1.5707963267948966	-0.6900439841527164	-0.012997024020970716	1.5707963267948966	1.0
1.5707963267948966	-0.6842208281683053	-0.012844316459724036	1.5707963267948966	1.0
1.5707963267948966	-0.6783976721838938	-0.01269169481210664	1.5707963267948966	1.0
1.5707963267948966	-0.6725745161994827	-0.01254162208965374	1.5707963267948966	1.0
1.5707963267948966	-0.6667513602150716	-0.012392823539076154	1.5707963267948966	1.0
1.5707963267948966	-0.6609282042306606	-0.012244061666598919	1.5707963267948966	1.0
1.5707963267948966	-0.6551050482462495	-0.01209774725423475	1.5707963267948966	1.0
1.5707963267948966	-0.6492818922618384	-0.011952634501688191	1.5707963267948966	1.0
1.5707963267948966	-0.6434587362774273	-0.011808700394725539	1.5707963267948966	1.0
1.5707963267948966	-0.6376355802930163	-0.011667098619455678	1.5707963267948966	1.0
1.5707963267948966	-0.6318124243086052	-0.01152544598605652	1.5707963267948966	1.0
1.5707963267948966	-0.6259892683241941	-0.011384906174873472	1.5707963267948966	1.0
1.5707963267948966	-0.620166112339783	-0.01124545819607635	1.5707963267948966	1.0
1.5707963267948966	-0.614342956355372	-0.011108220951648868	1.5707963267948966	1.0
1.5707963267948966	-0.6085198003709609	-0.010970887060125924	1.5707963267948966	1.0
1.5707963267948966	-0.6026966443865494	-0.010835705613849299	1.5707963267948966	1.0
1.5707963267948966	-0.5968734884021383	-0.010701518287193717	1.5707963267948966	1.0
1.5707963267948966	-0.5910503324177272	-0.010567206010970775	1.5707963267948966	1.0
1.5707963267948966	-0.5852271764333161	-0.010434961755803584	1.5707963267948966	1.0
1.5707963267948966	-0.579404020448905	-0.010303657211494647	1.5707963267948966	1.0
1.5707963267948966	-0.573580864464494	-0.010173275037746059	1.5707963267948966	1.0
1.5707963267948966	-0.5677577084800829	-0.010043798258185797	1.5707963267948966	1.0
1.5707963267948966	-0.5619345524956718	-0.009915210250503688	1.5707963267948966	1.0
1.5707963267948966	-0.5561113965112607	-0.009787494736909954	1.5707963267948966	1.0
1.5707963267948966	-0.5502882405268497	-0.009660635774904615	1.5707963267948966	1.0
1.5707963267948966	-0.5444650845424386	-0.009535641194094049	1.5707963267948966	1.0
1.5707963267948966	-0.5386419285580275	-0.009410439498163198	1.5707963267948966	1.0
1.5707963267948966	-0.5328187725736164	-0.009286048513738196	1.5707963267948966	1.0
1.5707963267948966	-0.5269956165892054	-0.009163447560461559	1.5707963267948966	1.0
1.5707963267948966	-0.5211724606047938	-0.009040625103865689	1.5707963267948966	1.0
1.5707963267948966	-0.5153493046203828	-0.008919544365427919	1.5707963267948966	1.0
1.5707963267948966	-0.5095261486359717	-0.008798234203080891	1.5707963267948966	1.0
1.5707963267948966	-0.5037029926515606	-0.008678618794238674	1.5707963267948966	1.0
1.5707963267948966	-0.4978798366671495	-0.008559710853945477	1.5707963267948966	1.0
1.5707963267948966	-0.49205668068273845	-0.00844149749568863	1.5707963267948966	1.0
1.5707963267948966	-0.48623352469832737	-0.008323042969313861	1.5707963267948966	1.0
1.5707963267948966	-0.4804103687139163	-0.008206191425064823	1.5707963267948966	1.0
1.5707963267948966	-0.4745872127295052	-0.008089997160758587	1.5707963267948966	1.0
1.5707963267948966	-0.46876405674509414	-0.00797444821531857	1.5707963267948966	1.0
1.5707963267948966	-0.46294090076068306	-0.007859532843820792	1.5707963267948966	1.0
1.5707963267948966	-0.457117744776272	-0.0077452395120463655	1.5707963267948966	1.0
1.5707963267948966	-0.4512945887918609	-0.007632418641472225	1.5707963267948966	1.0
1.5707963267948966	-0.44547143280744983	-0.007519325542021842	1.5707963267948966	1.0
1.5707963267948966	-0.4396482768230383	-0.00740682113148679	1.5707963267948966	1.0
1.5707963267948966	-0.43382512083862723	-0.007294894664426973	1.5707963267948966	1.0
1.5707963267948966	-0.42800196485421615	-0.007184355835447312	1.5707963267948966	1.0
1.5707963267948966	-0.4221788088698051	-0.007073543853007432	1.5707963267948966	1.0
1.5707963267948966	-0.416355652885394	-0.006964077729001582	1.5707963267948966	1.0
1.5707963267948966	-0.4105324969009829	-0.006854339545179641	1.5707963267948966	1.0
1.5707963267948966	-0.40470934091657185	-0.006745906284268009	1.5707963267948966	1.0
1.5707963267948966	-0.39888618493216077	-0.006637202545377569	1.5707963267948966	1.0
1.5707963267948966	-0.3930630289477497	-0.006529763584924152	1.5707963267948966	1.0
1.5707963267948966	-0.3872398729633386	-0.006422056204856363	1.5707963267948966	1.0
1.5707963267948966	-0.38141671697892754	-0.0063155741988396245	1.5707963267948966	1.0
1.5707963267948966	-0.37559356099451646	-0.00620955151853535	1.5707963267948966	1.0
1.5707963267948966	-0.3697704050101054	-0.006103979292994822	1.5707963267948966	1.0
1.5707963267948966	-0.3639472490256943	-0.0059988487836220745	1.5707963267948966	1.0
1.5707963267948966	-0.3581240930412828	-0.005893459004130078	1.5707963267948966	1.0
1.5707963267948966	-0.3523009370568717	-0.005789197102488979	1.5707963267948966	1.0
1.5707963267948966	-0.34647778107246063	-0.005685351431771591	1.5707963267948966	1.0
1.5707963267948966	-0.34065462508804956	-0.005581913752982522	1.5707963267948966	1.0
1.5707963267948966	-0.3348314691036385	-0.005478875943814306	1.5707963267948966	1.0
1.5707963267948966	-0.3290083131192274	-0.005376229995749613	1.5707963267948966	1.0
1.5707963267948966	-0.3231851571348163	-0.005274595539740023	1.5707963267948966	1.0
1.5707963267948966	-0.31736200115040525	-0.005172699003776014	1.5707963267948966	1.0
1.5707963267948966	-0.31153884516599417	-0.005071170975784286	1.5707963267948966	1.0
1.5707963267948966	-0.3057156891815831	-0.004970003872623061	1.5707963267948966	1.0
1.5707963267948966	-0.299892533197172	-0.004869773828774946	1.5707963267948966	1.0
1.5707963267948966	-0.29406937721276094	-0.0047692955742145195	1.5707963267948966	1.0
1.5707963267948966	-0.28824622122834986	-0.00466915609605548	1.5707963267948966	1.0
1.5707963267948966	-0.2824230652439388	-0.004569898837513458	1.5707963267948966	1.0
1.5707963267948966	-0.27659990925952727	-0.004470404794532283	1.5707963267948966	1.0
1.5707963267948966	-0.2707767532751162	-0.004371756614938708	1.5707963267948966	1.0
1.5707963267948966	-0.2649535972907051	-0.004272879950346068	1.5707963267948966	1.0
1.5707963267948966	-0.25913044130629403	-0.004174813206516794	1.5707963267948966	1.0
1.5707963267948966	-0.25330728532188296	-0.004076526519125773	1.5707963267948966	1.0
1.5707963267948966	-0.24748412933747188	-0.003979014190034503	1.5707963267948966	1.0
1.5707963267948966	-0.2416609733530608	-0.003881290700364987	1.5707963267948966	1.0
1.5707963267948966	-0.23583781736864973	-0.0037843063541400297	1.5707963267948966	1.0
1.5707963267948966	-0.23001466138423865	-0.003687570542058423	1.5707963267948966	1.0
1.5707963267948966	-0.22419150539982757	-0.0035910768832806183	1.5707963267948966	1.0
1.5707963267948966	-0.2183683494154165	-0.0034943912071710792	1.5707963267948966	1.0
1.5707963267948966	-0.21254519343100542	-0.0033983743341905867	1.5707963267948966	1.0
1.5707963267948966	-0.20672203744659434	-0.003302580817077676	1.5707963267948966	1.0
1.5707963267948966	-0.20089888146218327	-0.0032070045143577108	1.5707963267948966	1.0
1.5707963267948966	-0.19507572547777174	-0.003111639339560695	1.5707963267948966	1.0
1.5707963267948966	-0.18925256949336067	-0.0030164792595422656	1.5707963267948966	1.0
1.5707963267948966	-0.1834294135089496	-0.0029215182928333055	1.5707963267948966	1.0
1.5707963267948966	-0.1776062575245385	-0.00282675050801747	1.5707963267948966	1.0
1.5707963267948966	-0.17178310154012744	-0.0027321700221354587	1.5707963267948966	1.0
1.5707963267948966	-0.16595994555571636	-0.0026377709991151294	1.5707963267948966	1.0
1.5707963267948966	-0.16013678957130528	-0.002543547648226526	1.5707963267948966	1.0
1.5707963267948966	-0.1543136335868942	-0.0024494942225608573	1.5707963267948966	1.0
1.5707963267948966	-0.14849047760248313	-0.0023558972722167583	1.5707963267948966	1.0
1.5707963267948966	-0.14266732161807205	-0.002262155365472296	1.5707963267948966	1.0
1.5707963267948966	-0.13684416563366097	-0.00216856638905734	1.5707963267948966	1.0
1.5707963267948966	-0.1310210096492499	-0.0020751247547688536	1.5707963267948966	1.0
1.5707963267948966	-0.12519785366483882	-0.0019820716251850615	1.5707963267948966	1.0
1.5707963267948966	-0.1193746976804273	-0.0018888967985655754	1.5707963267948966	1.0
1.5707963267948966	-0.11355154169601622	-0.001795852753760318	1.5707963267948966	1.0
1.5707963267948966	-0.10772838571160515	-0.0017031465335211305	1.5707963267948966	1.0
1.5707963267948966	-0.10190522972719407	-0.0016103364583559755	1.5707963267948966	1.0
1.5707963267948966	-0.09608207374278299	-0.0015178304542760662	1.5707963267948966	1.0
1.5707963267948966	-0.09025891775837191	-0.0014252327413085757	1.5707963267948966	1.0
1.5707963267948966	-0.08443576177396084	-0.0013329054748170395	1.5707963267948966	1.0
1.5707963267948966	-0.07861260578954976	-0.0012404987175401777	1.5707963267948966	1.0
1.5707963267948966	-0.07278944980513868	-0.0011483288867632764	1.5707963267948966	1.0
1.5707963267948966	-0.06696629382072761	-0.001056224048330282	1.5707963267948966	1.0
1.5707963267948966	-0.06114313783631653	-0.0009640583184193979	1.5707963267948966	1.0
1.5707963267948966	-0.05531998185190545	-0.0008720792570590338	1.5707963267948966	1.0
1.5707963267948966	-0.049496825867494376	-0.0007801494485641442	1.5707963267948966	1.0
1.5707963267948966	-0.0436736698830833	-0.0006881774583013175	1.5707963267948966	1.0
1.5707963267948966	-0.03785051389867178	-0.0005963420424384923	1.5707963267948966	1.0
1.5707963267948966	-0.0320273579142607	-0.0005045402527911387	1.5707963267948966	1.0
1.5707963267948966	-0.026204201929849624	-0.00041276690298787394	1.5707963267948966	1.0
1.5707963267948966	-0.020381045945438547	-0.000321016813215867	1.5707963267948966	1.0
1.5707963267948966	-0.01455788996102747	-0.00022928480902399025	1.5707963267948966	1.0
1.5707963267948966	-0.008734733976616393	-0.00013756572012859958	1.5707963267948966	1.0
1.5707963267948966	-0.0029115779922053164	-4.5854379221376725e-05	1.5707963267948966	1.0
1.5707963267948966	0.0029115779922057605	4.58543792213836e-05	1.5707963267948966	1.0
1.5707963267948966	0.008734733976616837	0.00013756572012860654	1.5707963267948966	1.0
1.5707963267948966	0.014557889961027914	0.00022928480902399727	1.5707963267948966	1.0
1.5707963267948966	0.02038104594543899	0.0003210168132158745	1.5707963267948966	1.0
1.5707963267948966	0.02620420192985007	0.0004127669029878806	1.5707963267948966	1.0
1.5707963267948966	0.032027357914261145	0.0005045402527911456	1.5707963267948966	1.0
1.5707963267948966	0.03785051389867222	0.0005963420424384989	1.5707963267948966	1.0
1.5707963267948966	0.04367366988308374	0.0006881774583013252	1.5707963267948966	1.0
1.5707963267948966	0.04949682586749482	0.0007801494485641516	1.5707963267948966	1.0
1.5707963267948966	0.0553199818519059	0.0008720792570590413	1.5707963267948966	1.0
1.5707963267948966	0.061143137836316974	0.0009640583184194062	1.5707963267948966	1.0
1.5707963267948966	0.06696629382072805	0.0010562240483302878	1.5707963267948966	1.0
1.5707963267948966	0.07278944980513913	0.0011483288867632842	1.5707963267948966	1.0
1.5707963267948966	0.0786126057895502	0.001240498717540185	1.5707963267948966	1.0
1.5707963267948966	0.08443576177396128	0.0013329054748170465	1.5707963267948966	1.0
1.5707963267948966	0.09025891775837236	0.0014252327413085831	1.5707963267948966	1.0
1.5707963267948966	0.09608207374278344	0.0015178304542760724	1.5707963267948966	1.0
1.5707963267948966	0.10190522972719451	0.001610336458355983	1.5707963267948966	1.0
1.5707963267948966	0.10772838571160559	0.0017031465335211372	1.5707963267948966	1.0
1.5707963267948966	0.11355154169601667	0.0017958527537603242	1.5707963267948966	1.0
1.5707963267948966	0.11937469768042774	0.0018888967985655825	1.5707963267948966	1.0
1.5707963267948966	0.12519785366483926	0.0019820716251850706	1.5707963267948966	1.0
1.5707963267948966	0.13102100964925034	0.0020751247547688605	1.5707963267948966	1.0
1.5707963267948966	0.13684416563366142	0.002168566389057346	1.5707963267948966	1.0
1.5707963267948966	0.1426673216180725	0.0022621553654723057	1.5707963267948966	1.0
1.5707963267948966	0.14849047760248357	0.002355897272216765	1.5707963267948966	1.0
1.5707963267948966	0.15431363358689465	0.002449494222560865	1.5707963267948966	1.0
1.5707963267948966	0.16013678957130573	0.002543547648226536	1.5707963267948966	1.0
1.5707963267948966	0.1659599455557168	0.0026377709991151402	1.5707963267948966	1.0
1.5707963267948966	0.17178310154012788	0.0027321700221354674	1.5707963267948966	1.0
1.5707963267948966	0.17760625752453896	0.0028267505080174743	1.5707963267948966	1.0
1.5707963267948966	0.18342941350895003	0.002921518292833311	1.5707963267948966	1.0
1.5707963267948966	0.1892525694933611	0.0030164792595422717	1.5707963267948966	1.0
1.5707963267948966	0.1950757254777722	0.0031116393395607027	1.5707963267948966	1.0
1.5707963267948966	0.20089888146218327	0.0032070045143577108	1.5707963267948966	1.0
1.5707963267948966	0.2067220374465948	0.0033025808170776784	1.5707963267948966	1.0
1.5707963267948966	0.21254519343100586	0.003398374334190592	1.5707963267948966	1.0
1.5707963267948966	0.21836834941541694	0.003494391207171091	1.5707963267948966	1.0
1.5707963267948966	0.22419150539982802	0.0035910768832806217	1.5707963267948966	1.0
1.5707963267948966	0.2300146613842391	0.0036875705420584244	1.5707963267948966	1.0
1.5707963267948966	0.23583781736865017	0.003784306354140041	1.5707963267948966	1.0
1.5707963267948966	0.24166097335306125	0.0038812907003649894	1.5707963267948966	1.0
1.5707963267948966	0.24748412933747233	0.003979014190034512	1.5707963267948966	1.0
1.5707963267948966	0.2533072853218834	0.004076526519125783	1.5707963267948966	1.0
1.5707963267948966	0.2591304413062945	0.004174813206516796	1.5707963267948966	1.0
1.5707963267948966	0.26495359729070556	0.004272879950346071	1.5707963267948966	1.0
1.5707963267948966	0.27077675327511663	0.0043717566149387155	1.5707963267948966	1.0
1.5707963267948966	0.2765999092595277	0.0044704047945322845	1.5707963267948966	1.0
1.5707963267948966	0.2824230652439388	0.004569898837513458	1.5707963267948966	1.0
1.5707963267948966	0.2882462212283503	0.0046691560960554854	1.5707963267948966	1.0
1.5707963267948966	0.2940693772127614	0.004769295574214525	1.5707963267948966	1.0
1.5707963267948966	0.29989253319717246	0.004869773828774951	1.5707963267948966	1.0
1.5707963267948966	0.30571568918158354	0.004970003872623069	1.5707963267948966	1.0
1.5707963267948966	0.3115388451659946	0.005071170975784293	1.5707963267948966	1.0
1.5707963267948966	0.3173620011504057	0.005172699003776028	1.5707963267948966	1.0
1.5707963267948966	0.32318515713481677	0.005274595539740023	1.5707963267948966	1.0
1.5707963267948966	0.32900831311922785	0.0053762299957496144	1.5707963267948966	1.0
1.5707963267948966	0.3348314691036389	0.005478875943814315	1.5707963267948966	1.0
1.5707963267948966	0.34065462508805	0.005581913752982529	1.5707963267948966	1.0
1.5707963267948966	0.3464777810724611	0.005685351431771589	1.5707963267948966	1.0
1.5707963267948966	0.35230093705687215	0.005789197102488986	1.5707963267948966	1.0
1.5707963267948966	0.35812409304128323	0.005893459004130098	1.5707963267948966	1.0
1.5707963267948966	0.36394724902569475	0.0059988487836220945	1.5707963267948966	1.0
1.5707963267948966	0.36977040501010583	0.006103979292994834	1.5707963267948966	1.0
1.5707963267948966	0.3755935609945169	0.006209551518535362	1.5707963267948966	1.0
1.5707963267948966	0.381416716978928	0.006315574198839631	1.5707963267948966	1.0
1.5707963267948966	0.38723987296333906	0.006422056204856363	1.5707963267948966	1.0
1.5707963267948966	0.39306302894775014	0.0065297635849241534	1.5707963267948966	1.0
1.5707963267948966	0.3988861849321612	0.006637202545377582	1.5707963267948966	1.0
1.5707963267948966	0.4047093409165723	0.006745906284268011	1.5707963267948966	1.0
1.5707963267948966	0.41053249690098337	0.00685433954517965	1.5707963267948966	1.0
1.5707963267948966	0.41635565288539444	0.006964077729001591	1.5707963267948966	1.0
1.5707963267948966	0.4221788088698055	0.00707354385300745	1.5707963267948966	1.0
1.5707963267948966	0.4280019648542166	0.007184355835447323	1.5707963267948966	1.0
1.5707963267948966	0.4338251208386277	0.007294894664426984	1.5707963267948966	1.0
1.5707963267948966	0.43964827682303875	0.007406821131486791	1.5707963267948966	1.0
1.5707963267948966	0.4454714328074503	0.0075193255420218435	1.5707963267948966	1.0
1.5707963267948966	0.45129458879186135	0.007632418641472225	1.5707963267948966	1.0
1.5707963267948966	0.4571177447762724	0.0077452395120463785	1.5707963267948966	1.0
1.5707963267948966	0.4629409007606835	0.0078595328438208	1.5707963267948966	1.0
1.5707963267948966	0.4687640567450946	0.00797444821531858	1.5707963267948966	1.0
1.5707963267948966	0.47458721272950566	0.008089997160758606	1.5707963267948966	1.0
1.5707963267948966	0.48041036871391674	0.008206191425064844	1.5707963267948966	1.0
1.5707963267948966	0.4862335246983278	0.008323042969313863	1.5707963267948966	1.0
1.5707963267948966	0.4920566806827389	0.00844149749568863	1.5707963267948966	1.0
1.5707963267948966	0.49787983666714997	0.008559710853945487	1.5707963267948966	1.0
1.5707963267948966	0.503702992651561	0.008678618794238676	1.5707963267948966	1.0
1.5707963267948966	0.5095261486359721	0.008798234203080893	1.5707963267948966	1.0
1.5707963267948966	0.5153493046203832	0.008919544365427924	1.5707963267948966	1.0
1.5707963267948966	0.5211724606047943	0.009040625103865699	1.5707963267948966	1.0
1.5707963267948966	0.5269956165892058	0.009163447560461566	1.5707963267948966	1.0
1.5707963267948966	0.5328187725736169	0.009286048513738206	1.5707963267948966	1.0
1.5707963267948966	0.538641928558028	0.00941043949816321	1.5707963267948966	1.0
1.5707963267948966	0.544465084542439	0.00953564119409406	1.5707963267948966	1.0
1.5707963267948966	0.5502882405268501	0.009660635774904626	1.5707963267948966	1.0
1.5707963267948966	0.5561113965112612	0.009787494736909971	1.5707963267948966	1.0
1.5707963267948966	0.5619345524956723	0.009915210250503698	1.5707963267948966	1.0
1.5707963267948966	0.5677577084800833	0.010043798258185795	1.5707963267948966	1.0
1.5707963267948966	0.5735808644644944	0.01017327503774607	1.5707963267948966	1.0
1.5707963267948966	0.5794040204489055	0.010303657211494647	1.5707963267948966	1.0
1.5707963267948966	0.5852271764333166	0.0104349617558036	1.5707963267948966	1.0
1.5707963267948966	0.5910503324177276	0.010567206010970786	1.5707963267948966	1.0
1.5707963267948966	0.5968734884021387	0.010701518287193736	1.5707963267948966	1.0
1.5707963267948966	0.6026966443865498	0.010835705613849313	1.5707963267948966	1.0
1.5707963267948966	0.6085198003709613	0.010970887060125929	1.5707963267948966	1.0
1.5707963267948966	0.6143429563553724	0.01110822095164888	1.5707963267948966	1.0
1.5707963267948966	0.6201661123397835	0.011245458196076369	1.5707963267948966	1.0
1.5707963267948966	0.6259892683241945	0.0113849061748735	1.5707963267948966	1.0
1.5707963267948966	0.6318124243086056	0.011525445986056537	1.5707963267948966	1.0
1.5707963267948966	0.6376355802930167	0.011667098619455694	1.5707963267948966	1.0
1.5707963267948966	0.6434587362774278	0.011808700394725558	1.5707963267948966	1.0
1.5707963267948966	0.6492818922618389	0.011952634501688176	1.5707963267948966	1.0
1.5707963267948966	0.6551050482462499	0.012097747254234755	1.5707963267948966	1.0
1.5707963267948966	0.660928204230661	0.012244061666598936	1.5707963267948966	1.0
1.5707963267948966	0.6667513602150721	0.012392823539076177	1.5707963267948966	1.0
1.5707963267948966	0.6725745161994832	0.012541622089653754	1.5707963267948966	1.0
1.5707963267948966	0.6783976721838942	0.01269169481210666	1.5707963267948966	1.0
1.5707963267948966	0.6842208281683053	0.012844316459724036	1.5707963267948966	1.0
1.5707963267948966	0.6900439841527168	0.012997024020970733	1.5707963267948966	1.0
1.5707963267948966	0.6958671401371279	0.013152351285641994	1.5707963267948966	1.0
1.5707963267948966	0.701690296121539	0.013309076433575864	1.5707963267948966	1.0
1.5707963267948966	0.7075134521059501	0.01346722778900213	1.5707963267948966	1.0
1.5707963267948966	0.7133366080903611	0.013626834390161914	1.5707963267948966	1.0
1.5707963267948966	0.7191597640747722	0.013787926012016439	1.5707963267948966	1.0
1.5707963267948966	0.7249829200591833	0.013950533189848168	1.5707963267948966	1.0
1.5707963267948966	0.7308060760435944	0.01411468724379409	1.5707963267948966	1.0
1.5707963267948966	0.7366292320280055	0.014280420304354021	1.5707963267948966	1.0
1.5707963267948966	0.7424523880124165	0.014449101881295626	1.5707963267948966	1.0
1.5707963267948966	0.7482755439968276	0.014618102313034934	1.5707963267948966	1.0
1.5707963267948966	0.7540986999812387	0.014790137402742636	1.5707963267948966	1.0
1.5707963267948966	0.7599218559656498	0.014963906800845467	1.5707963267948966	1.0
1.5707963267948966	0.7657450119500608	0.015139447674488306	1.5707963267948966	1.0
1.5707963267948966	0.7715681679344724	0.015316798198257542	1.5707963267948966	1.0
1.5707963267948966	0.7773913239188834	0.01549599758866474	1.5707963267948966	1.0
1.5707963267948966	0.7832144799032945	0.015677086140079635	1.5707963267948966	1.0
1.5707963267948966	0.7890376358877056	0.0158615080752231	1.5707963267948966	1.0
1.5707963267948966	0.7948607918721167	0.016046509505448725	1.5707963267948966	1.0
1.5707963267948966	0.8006839478565277	0.01623494746067346	1.5707963267948966	1.0
1.5707963267948966	0.8065071038409388	0.016425464785060465	1.5707963267948966	1.0
1.5707963267948966	0.8123302598253499	0.016618108440072745	1.5707963267948966	1.0
1.5707963267948966	0.818153415809761	0.01681292673864589	1.5707963267948966	1.0
1.5707963267948966	0.823976571794172	0.017009969394489143	1.5707963267948966	1.0
1.5707963267948966	0.8297997277785831	0.01721074559626909	1.5707963267948966	1.0
1.5707963267948966	0.8356228837629942	0.01741240080362565	1.5707963267948966	1.0
1.5707963267948966	0.8414460397474053	0.017617912689865397	1.5707963267948966	1.0
1.5707963267948966	0.8472691957318168	0.017825879871184946	1.5707963267948966	1.0
1.5707963267948966	0.8530923517162279	0.018036360693758885	1.5707963267948966	1.0
1.5707963267948966	0.8589155077006385	0.01824941527661518	1.5707963267948966	1.0
1.5707963267948966	0.86473866368505	0.018465105580253827	1.5707963267948966	1.0
1.5707963267948966	0.8705618196694607	0.018685007302225956	1.5707963267948966	1.0
1.5707963267948966	0.8763849756538722	0.018907690172882675	1.5707963267948966	1.0
1.5707963267948966	0.8822081316382828	0.01913322303024828	1.5707963267948966	1.0
1.5707963267948966	0.8880312876226943	0.019361676889321496	1.5707963267948966	1.0
1.5707963267948966	0.8938544436071059	0.019593125030270626	1.5707963267948966	1.0
1.5707963267948966	0.8996775995915165	0.01982764309093322	1.5707963267948966	1.0
1.5707963267948966	0.905500755575928	0.02006686509740417	1.5707963267948966	1.0
1.5707963267948966	0.9113239115603387	0.020309331507230053	1.5707963267948966	1.0
1.5707963267948966	0.9171470675447502	0.02055512668538205	1.5707963267948966	1.0
1.5707963267948966	0.9229702235291608	0.02080591368799443	1.5707963267948966	1.0
1.5707963267948966	0.9287933795135723	0.02105863885555693	1.5707963267948966	1.0
1.5707963267948966	0.934616535497983	0.021316553999925155	1.5707963267948966	1.0
1.5707963267948966	0.9404396914823945	0.021578180740627517	1.5707963267948966	1.0
1.5707963267948966	0.9462628474668051	0.021843619939193485	1.5707963267948966	1.0
1.5707963267948966	0.9520860034512166	0.022114586467387298	1.5707963267948966	1.0
1.5707963267948966	0.9579091594356273	0.022389592299990792	1.5707963267948966	1.0
1.5707963267948966	0.9637323154200388	0.022668750594971226	1.5707963267948966	1.0
1.5707963267948966	0.9695554714044503	0.02295217854943226	1.5707963267948966	1.0
1.5707963267948966	0.9753786273888609	0.023241634134280605	1.5707963267948966	1.0
1.5707963267948966	0.9812017833732725	0.023535621054472267	1.5707963267948966	1.0
1.5707963267948966	0.9870249393576831	0.02383427122497192	1.5707963267948966	1.0
1.5707963267948966	0.9928480953420946	0.024137721451317526	1.5707963267948966	1.0
1.5707963267948966	0.9986712513265052	0.02444777655892778	1.5707963267948966	1.0
1.5707963267948966	1.0044944073109168	0.024762935780592705	1.5707963267948966	1.0
1.5707963267948966	1.0103175632953274	0.025085028356802472	1.5707963267948966	1.0
1.5707963267948966	1.016140719279739	0.025412553548438098	1.5707963267948966	1.0
1.5707963267948966	1.0219638752641496	0.02574567980903295	1.5707963267948966	1.0
1.5707963267948966	1.027787031248561	0.0260862744713786	1.5707963267948966	1.0
1.5707963267948966	1.0336101872329717	0.02643284080989181	1.5707963267948966	1.0
1.5707963267948966	1.0394333432173832	0.026785570023385028	1.5707963267948966	1.0
1.5707963267948966	1.0452564992017939	0.02714637113863325	1.5707963267948966	1.0
1.5707963267948966	1.0510796551862054	0.027513755080806328	1.5707963267948966	1.0
1.5707963267948966	1.056902811170617	0.02788966080694294	1.5707963267948966	1.0
1.5707963267948966	1.0627259671550275	0.028272607156201376	1.5707963267948966	1.0
1.5707963267948966	1.068549123139439	0.028662832716744423	1.5707963267948966	1.0
1.5707963267948966	1.0743722791238497	0.02906232537112551	1.5707963267948966	1.0
1.5707963267948966	1.0801954351082612	0.029471363699995496	1.5707963267948966	1.0
1.5707963267948966	1.0860185910926718	0.0298884898228203	1.5707963267948966	1.0
1.5707963267948966	1.0918417470770834	0.030313991547539488	1.5707963267948966	1.0
1.5707963267948966	1.097664903061494	0.030751690034658715	1.5707963267948966	1.0
1.5707963267948966	1.1034880590459055	0.031196640421423668	1.5707963267948966	1.0
1.5707963267948966	1.1093112150303162	0.031654469374748764	1.5707963267948966	1.0
1.5707963267948966	1.1151343710147277	0.032122008690337975	1.5707963267948966	1.0
1.5707963267948966	1.1209575269991383	0.03259962712130835	1.5707963267948966	1.0
1.5707963267948966	1.1267806829835498	0.03308949714228464	1.5707963267948966	1.0
1.5707963267948966	1.1326038389679614	0.03359204276089235	1.5707963267948966	1.0
1.5707963267948966	1.138426994952372	0.03410770936843615	1.5707963267948966	1.0
1.5707963267948966	1.1442501509367835	0.03463516608838396	1.5707963267948966	1.0
1.5707963267948966	1.1500733069211941	0.035178501163667365	1.5707963267948966	1.0
1.5707963267948966	1.1558964629056057	0.03573463147808373	1.5707963267948966	1.0
1.5707963267948966	1.1617196188900163	0.036305905753563725	1.5707963267948966	1.0
1.5707963267948966	1.1675427748744278	0.03689108633827819	1.5707963267948966	1.0
1.5707963267948966	1.1733659308588384	0.037494417756372946	1.5707963267948966	1.0
1.5707963267948966	1.17918908684325	0.038114735090301395	1.5707963267948966	1.0
1.5707963267948966	1.1850122428276606	0.03875089409785785	1.5707963267948966	1.0
1.5707963267948966	1.1908353988120721	0.039407281145335454	1.5707963267948966	1.0
1.5707963267948966	1.1966585547964828	0.04008284151044908	1.5707963267948966	1.0
1.5707963267948966	1.2024817107808943	0.040778395547619	1.5707963267948966	1.0
1.5707963267948966	1.208304866765305	0.04149481527767667	1.5707963267948966	1.0
1.5707963267948966	1.2141280227497164	0.04223488095107433	1.5707963267948966	1.0
1.5707963267948966	1.219951178734128	0.04299773700823198	1.5707963267948966	1.0
1.5707963267948966	1.2257743347185386	0.04378443795452338	1.5707963267948966	1.0
1.5707963267948966	1.23159749070295	0.04459610908757638	1.5707963267948966	1.0
1.5707963267948966	1.2374206466873607	0.04543768990157152	1.5707963267948966	1.0
1.5707963267948966	1.2432438026717723	0.04630674732584103	1.5707963267948966	1.0
1.5707963267948966	1.249066958656183	0.04720466136153454	1.5707963267948966	1.0
1.5707963267948966	1.2548901146405944	0.04813667031184145	1.5707963267948966	1.0
1.5707963267948966	1.260713270625005	0.04910062133424312	1.5707963267948966	1.0
1.5707963267948966	1.2665364266094166	0.05010199722768526	1.5707963267948966	1.0
1.5707963267948966	1.2723595825938272	0.05113888362621639	1.5707963267948966	1.0
1.5707963267948966	1.2781827385782387	0.052217054372759926	1.5707963267948966	1.0
1.5707963267948966	1.2840058945626494	0.0533367822825729	1.5707963267948966	1.0
1.5707963267948966	1.2898290505470609	0.054502301862895605	1.5707963267948966	1.0
1.5707963267948966	1.2956522065314724	0.05571615272649683	1.5707963267948966	1.0
1.5707963267948966	1.301475362515883	0.056979185125309965	1.5707963267948966	1.0
1.5707963267948966	1.3072985185002945	0.05829820180815499	1.5707963267948966	1.0
1.5707963267948966	1.3131216744847052	0.059672650602144106	1.5707963267948966	1.0
1.5707963267948966	1.3189448304691167	0.06111182497575534	1.5707963267948966	1.0
1.5707963267948966	1.3247679864535273	0.06261579848597582	1.5707963267948966	1.0
1.5707963267948966	1.3305911424379389	0.06419075441517452	1.5707963267948966	1.0
1.5707963267948966	1.3364142984223495	0.06584330516574902	1.5707963267948966	1.0
1.5707963267948966	1.342237454406761	0.06757669372013649	1.5707963267948966	1.0
1.5707963267948966	1.3480606103911716	0.06939854015003417	1.5707963267948966	1.0
1.5707963267948966	1.3538837663755832	0.07131707757754953	1.5707963267948966	1.0
1.5707963267948966	1.3597069223599938	0.07333736756985892	1.5707963267948966	1.0
1.5707963267948966	1.3655300783444053	0.07547104933805897	1.5707963267948966	1.0
1.5707963267948966	1.3713532343288168	0.07772679895347627	1.5707963267948966	1.0
1.5707963267948966	1.3771763903132275	0.08011625866846439	1.5707963267948966	1.0
1.5707963267948966	1.382999546297639	0.08264837856832861	1.5707963267948966	1.0
1.5707963267948966	1.3888227022820496	0.08534124768558314	1.5707963267948966	1.0
1.5707963267948966	1.3946458582664611	0.08820873410351397	1.5707963267948966	1.0
1.5707963267948966	1.4004690142508718	0.09126656710535655	1.5707963267948966	1.0
1.5707963267948966	1.4062921702352833	0.09453851171933002	1.5707963267948966	1.0
1.5707963267948966	1.412115326219694	0.09804507778865217	1.5707963267948966	1.0
1.5707963267948966	1.4179384822041055	0.10181178868014289	1.5707963267948966	1.0
1.5707963267948966	1.423761638188516	0.10587173861467873	1.5707963267948966	1.0
1.5707963267948966	1.4295847941729276	0.11026047314551786	1.5707963267948966	1.0
1.5707963267948966	1.4354079501573382	0.11501885778244202	1.5707963267948966	1.0
1.5707963267948966	1.4412311061417498	0.12019423750085974	1.5707963267948966	1.0
1.5707963267948966	1.4470542621261604	0.1258458353603685	1.5707963267948966	1.0
1.5707963267948966	1.452877418110572	0.13204273526715243	1.5707963267948966	1.0
1.5707963267948966	1.4587005740949834	0.1388663420319823	1.5707963267948966	1.0
1.5707963267948966	1.464523730079394	0.1464155787486834	1.5707963267948966	1.0
1.5707963267948966	1.4703468860638056	0.15481512443884365	1.5707963267948966	1.0
1.5707963267948966	1.4761700420482162	0.164215318578594	1.5707963267948966	1.0
1.5707963267948966	1.4819931980326277	0.1748059896226251	1.5707963267948966	1.0
1.5707963267948966	1.4878163540170384	0.18682157015077408	1.5707963267948966	1.0
1.5707963267948966	1.49363951000145	0.20057047243520346	1.5707963267948966	1.0
1.5707963267948966	1.4994626659858605	0.21644970020641802	1.5707963267948966	1.0
1.5707963267948966	1.505285821970272	0.23498388289840835	1.5707963267948966	1.0
1.5707963267948966	1.5111089779546827	0.25688706297305564	1.5707963267948966	1.0
1.5707963267948966	1.5169321339390942	0.28313599950424145	1.5707963267948966	1.0
1.5707963267948966	1.5227552899235048	0.31511460532903046	1.5707963267948966	1.0
1.5707963267948966	1.5285784459079164	0.35482431142053317	1.5707963267948966	1.0
1.5707963267948966	1.5344016018923279	0.40525188488979047	1.5707963267948966	1.0
1.5707963267948966	1.5402247578767385	0.47096955161348714	1.5707963267948966	1.0
1.5707963267948966	1.54604791386115	0.5591493972455381	1.5707963267948966	1.0
1.5707963267948966	1.5518710698455607	0.6810383380531948	1.5707963267948966	1.0
1.5707963267948966	1.5576942258299722	0.8532825081300742	1.5707963267948966	1.0
1.5707963267948966	1.5635173818143828	1.0949045686881413	1.5707963267948966	1.0
1.5707963267948966	1.5693405377987943	1.409413131115641	1.5707963267948966	1.0
1.5707963267948966	1.575163693783205	1.7571101328974794	1.5707963267948966	1.0
1.5707963267948966	1.5809868497676165	2.0740886985776945	1.5707963267948966	1.0
1.5707963267948966	1.5868100057520271	2.329169884879146	1.5707963267948966	1.0
1.5707963267948966	1.5926331617364387	2.528417112716965	1.5707963267948966	1.0
1.5707963267948966	1.5984563177208493	2.689343189056629	1.5707963267948966	1.0
1.5707963267948966	1.6042794737052608	2.828251145690059	1.5707963267948966	1.0
1.5707963267948966	1.6101026296896714	2.9590188700919535	1.5707963267948966	1.0
1.5707963267948966	1.615925785674083	3.0960628422884007	1.5707963267948966	1.0
1.5707963267948966	1.6217489416584945	3.2615261308826096	1.5707963267948966	1.0
1.5707963267948966	1.6275720976429051	3.511841482676323	1.5707963267948966	1.0
1.5707963267948966	1.6333952536273166	4.216358556504066	1.5707963267948966	1.0
1.5707963267948966	1.6392184096117273	3.3974042398529205	1.5707963267948966	-1.0
1.5707963267948966	1.6450415655961388	2.7490208295907332	1.5707963267948966	-1.0
1.5707963267948966	1.6508647215805494	2.3863970594523596	1.5707963267948966	-1.0
1.5707963267948966	1.656687877564961	2.132897505873446	1.5707963267948966	-1.0
1.5707963267948966	1.6625110335493716	1.9390775517526389	1.5707963267948966	-1.0
1.5707963267948966	1.668334189533783	1.7833369150370284	1.5707963267948966	-1.0
1.5707963267948966	1.6741573455181937	1.6541209368163516	1.5707963267948966	-1.0
1.5707963267948966	1.6799805015026053	1.544459348649793	1.5707963267948966	-1.0
1.5707963267948966	1.6858036574870159	1.4497974527236994	1.5707963267948966	-1.0
1.5707963267948966	1.6916268134714274	1.3669881402067663	1.5707963267948966	-1.0
1.5707963267948966	1.697449969455839	1.2937645980411447	1.5707963267948966	-1.0
1.5707963267948966	1.7032731254402496	1.2284316450128565	1.5707963267948966	-1.0
1.5707963267948966	1.709096281424661	1.1696990530404803	1.5707963267948966	-1.0
1.5707963267948966	1.7149194374090717	1.1165533293632706	1.5707963267948966	-1.0
1.5707963267948966	1.7207425933934832	1.0681918450990304	1.5707963267948966	-1.0
1.5707963267948966	1.7265657493778939	1.0239593772453182	1.5707963267948966	-1.0
1.5707963267948966	1.7323889053623054	0.983327383689618	1.5707963267948966	-1.0
1.5707963267948966	1.738212061346716	0.945850222359786	1.5707963267948966	-1.0
1.5707963267948966	1.7440352173311275	0.9111595566790627	1.5707963267948966	-1.0
1.5707963267948966	1.7498583733155382	0.8789440621804342	1.5707963267948966	-1.0
1.5707963267948966	1.7556815292999497	0.8489345579848862	1.5707963267948966	-1.0
1.5707963267948966	1.7615046852843603	0.8209071970188998	1.5707963267948966	-1.0
1.5707963267948966	1.7673278412687718	0.7946612833499156	1.5707963267948966	-1.0
1.5707963267948966	1.7731509972531825	0.7700276307232211	1.5707963267948966	-1.0
1.5707963267948966	1.778974153237594	0.7468566031313023	1.5707963267948966	-1.0
1.5707963267948966	1.7847973092220055	0.725016679569047	1.5707963267948966	-1.0
1.5707963267948966	1.7906204652064162	0.7043936352192225	1.5707963267948966	-1.0
1.5707963267948966	1.7964436211908277	0.68488442134474	1.5707963267948966	-1.0
1.5707963267948966	1.8022667771752383	0.6663991652013387	1.5707963267948966	-1.0
1.5707963267948966	1.8080899331596498	0.648853844690195	1.5707963267948966	-1.0
1.5707963267948966	1.8139130891440605	0.6321786144079681	1.5707963267948966	-1.0
1.5707963267948966	1.819736245128472	0.6163090111950698	1.5707963267948966	-1.0
1.5707963267948966	1.8255594011128826	0.6011831326746768	1.5707963267948966	-1.0
1.5707963267948966	1.8313825570972941	0.5867485229037968	1.5707963267948966	-1.0
1.5707963267948966	1.8372057130817048	0.5729595670206714	1.5707963267948966	-1.0
1.5707963267948966	1.8430288690661163	0.5597711884585184	1.5707963267948966	-1.0
1.5707963267948966	1.848852025050527	0.5471440872035974	1.5707963267948966	-1.0
1.5707963267948966	1.8546751810349384	0.5350405009122303	1.5707963267948966	-1.0
1.5707963267948966	1.86049833701935	0.5234276373427682	1.5707963267948966	-1.0
1.5707963267948966	1.8663214930037606	0.5122754430402421	1.5707963267948966	-1.0
1.5707963267948966	1.8721446489881721	0.5015563201227713	1.5707963267948966	-1.0
1.5707963267948966	1.8779678049725828	0.4912448775831235	1.5707963267948966	-1.0
1.5707963267948966	1.8837909609569943	0.4813177121145678	1.5707963267948966	-1.0
1.5707963267948966	1.889614116941405	0.4717513384423337	1.5707963267948966	-1.0
1.5707963267948966	1.8954372729258164	0.4625257834540692	1.5707963267948966	-1.0
1.5707963267948966	1.901260428910227	0.453622546816882	1.5707963267948966	-1.0
1.5707963267948966	1.9070835848946386	0.4450263326637181	1.5707963267948966	-1.0
1.5707963267948966	1.9129067408790492	0.436717461629951	1.5707963267948966	-1.0
1.5707963267948966	1.9187298968634607	0.4286829705073703	1.5707963267948966	-1.0
1.5707963267948966	1.9245530528478714	0.42091089595034253	1.5707963267948966	-1.0
1.5707963267948966	1.930376208832283	0.4133827858522325	1.5707963267948966	-1.0
1.5707963267948966	1.9361993648166944	0.4060921647715072	1.5707963267948966	-1.0
1.5707963267948966	1.942022520801105	0.3990240796858042	1.5707963267948966	-1.0
1.5707963267948966	1.9478456767855166	0.3921680049089778	1.5707963267948966	-1.0
1.5707963267948966	1.9536688327699272	0.3855159094627113	1.5707963267948966	-1.0
1.5707963267948966	1.9594919887543387	0.37905669727092844	1.5707963267948966	-1.0
1.5707963267948966	1.9653151447387494	0.3727816770929083	1.5707963267948966	-1.0
1.5707963267948966	1.9711383007231609	0.3666844989762444	1.5707963267948966	-1.0
1.5707963267948966	1.9769614567075715	0.3607556447977481	1.5707963267948966	-1.0
1.5707963267948966	1.982784612691983	0.35498606171403174	1.5707963267948966	-1.0
1.5707963267948966	1.9886077686763937	0.349372548727391	1.5707963267948966	-1.0
1.5707963267948966	1.9944309246608052	0.3439068473100784	1.5707963267948966	-1.0
1.5707963267948966	2.000254080645216	0.3385828725826923	1.5707963267948966	-1.0
1.5707963267948966	2.0060772366296273	0.3333948727830751	1.5707963267948966	-1.0
1.5707963267948966	2.011900392614038	0.32833740661010463	1.5707963267948966	-1.0
1.5707963267948966	2.0177235485984495	0.32340532227300045	1.5707963267948966	-1.0
1.5707963267948966	2.023546704582861	0.318591961702415	1.5707963267948966	-1.0
1.5707963267948966	2.0293698605672716	0.3138944832245575	1.5707963267948966	-1.0
1.5707963267948966	2.035193016551683	0.309308495129273	1.5707963267948966	-1.0
1.5707963267948966	2.041016172536094	0.3048298269059684	1.5707963267948966	-1.0
1.5707963267948966	2.0468393285205053	0.30045451514294125	1.5707963267948966	-1.0
1.5707963267948966	2.052662484504916	0.29617703992517325	1.5707963267948966	-1.0
1.5707963267948966	2.0584856404893275	0.29199557720591063	1.5707963267948966	-1.0
1.5707963267948966	2.064308796473738	0.28790497200645604	1.5707963267948966	-1.0
1.5707963267948966	2.0701319524581496	0.28390545817628066	1.5707963267948966	-1.0
1.5707963267948966	2.0759551084425603	0.27998872899601446	1.5707963267948966	-1.0
1.5707963267948966	2.081778264426972	0.2761570319710608	1.5707963267948966	-1.0
1.5707963267948966	2.0876014204113824	0.2724040895205444	1.5707963267948966	-1.0
1.5707963267948966	2.093424576395794	0.26872722246501973	1.5707963267948966	-1.0
1.5707963267948966	2.0992477323802055	0.2651255779489195	1.5707963267948966	-1.0
1.5707963267948966	2.105070888364616	0.26159669243224826	1.5707963267948966	-1.0
1.5707963267948966	2.1108940443490276	0.2581365144936947	1.5707963267948966	-1.0
1.5707963267948966	2.1167172003334382	0.25474280640125957	1.5707963267948966	-1.0
1.5707963267948966	2.1225403563178498	0.2514151090495966	1.5707963267948966	-1.0
1.5707963267948966	2.1283635123022604	0.24814967633794757	1.5707963267948966	-1.0
1.5707963267948966	2.134186668286672	0.24494621405490455	1.5707963267948966	-1.0
1.5707963267948966	2.1400098242710826	0.24180115494027443	1.5707963267948966	-1.0
1.5707963267948966	2.145832980255494	0.23871435133348062	1.5707963267948966	-1.0
1.5707963267948966	2.1516561362399047	0.2356823988052656	1.5707963267948966	-1.0
1.5707963267948966	2.1574792922243162	0.23270363352058943	1.5707963267948966	-1.0
1.5707963267948966	2.163302448208727	0.22977809801234006	1.5707963267948966	-1.0
1.5707963267948966	2.1691256041931384	0.2269026048609613	1.5707963267948966	-1.0
1.5707963267948966	2.174948760177549	0.22407730598753403	1.5707963267948966	-1.0
1.5707963267948966	2.1807719161619605	0.2212991435793122	1.5707963267948966	-1.0
1.5707963267948966	2.186595072146372	0.2185667540296672	1.5707963267948966	-1.0
1.5707963267948966	2.1924182281307827	0.2158788246627384	1.5707963267948966	-1.0
1.5707963267948966	2.198241384115194	0.21323569262036807	1.5707963267948966	-1.0
1.5707963267948966	2.204064540099605	0.21063452778175248	1.5707963267948966	-1.0
1.5707963267948966	2.2098876960840164	0.20807574485154967	1.5707963267948966	-1.0
1.5707963267948966	2.215710852068427	0.20555503565631558	1.5707963267948966	-1.0
1.5707963267948966	2.2215340080528385	0.2030744770247128	1.5707963267948966	-1.0
1.5707963267948966	2.227357164037249	0.20063299825456746	1.5707963267948966	-1.0
1.5707963267948966	2.2331803200216607	0.1982264503160322	1.5707963267948966	-1.0
1.5707963267948966	2.2390034760060713	0.1958569785721124	1.5707963267948966	-1.0
1.5707963267948966	2.244826631990483	0.19352207500454532	1.5707963267948966	-1.0
1.5707963267948966	2.2506497879748935	0.19122082893689987	1.5707963267948966	-1.0
1.5707963267948966	2.256472943959305	0.18895389023014214	1.5707963267948966	-1.0
1.5707963267948966	2.2622960999437165	0.18671734297420126	1.5707963267948966	-1.0
1.5707963267948966	2.268119255928127	0.18451341747814187	1.5707963267948966	-1.0
1.5707963267948966	2.2739424119125387	0.18234129728556464	1.5707963267948966	-1.0
1.5707963267948966	2.2797655678969493	0.1801971923099915	1.5707963267948966	-1.0
1.5707963267948966	2.285588723881361	0.1780833664372252	1.5707963267948966	-1.0
1.5707963267948966	2.2914118798657714	0.1759975934932691	1.5707963267948966	-1.0
1.5707963267948966	2.297235035850183	0.1739391777143262	1.5707963267948966	-1.0
1.5707963267948966	2.3030581918345936	0.17190744523912474	1.5707963267948966	-1.0
1.5707963267948966	2.308881347819005	0.16990174323955493	1.5707963267948966	-1.0
1.5707963267948966	2.3147045038034157	0.1679228938379389	1.5707963267948966	-1.0
1.5707963267948966	2.3205276597878273	0.1659688146608464	1.5707963267948966	-1.0
1.5707963267948966	2.326350815772238	0.16403891206711088	1.5707963267948966	-1.0
1.5707963267948966	2.3321739717566494	0.1621326102553908	1.5707963267948966	-1.0
1.5707963267948966	2.337997127741061	0.16024935135552226	1.5707963267948966	-1.0
1.5707963267948966	2.3438202837254716	0.15839000766423353	1.5707963267948966	-1.0
1.5707963267948966	2.349643439709883	0.15655121703521094	1.5707963267948966	-1.0
1.5707963267948966	2.3554665956942937	0.15473529043804327	1.5707963267948966	-1.0
1.5707963267948966	2.3612897516787053	0.15294031805826178	1.5707963267948966	-1.0
1.5707963267948966	2.367112907663116	0.15116581886854455	1.5707963267948966	-1.0
1.5707963267948966	2.3729360636475274	0.14941270090485792	1.5707963267948966	-1.0
1.5707963267948966	2.378759219631938	0.14767775390151183	1.5707963267948966	-1.0
1.5707963267948966	2.3845823756163496	0.14596327614525823	1.5707963267948966	-1.0
1.5707963267948966	2.39040553160076	0.14426746548866354	1.5707963267948966	-1.0
1.5707963267948966	2.3962286875851717	0.14258856594010685	1.5707963267948966	-1.0
1.5707963267948966	2.4020518435695823	0.1409288608776488	1.5707963267948966	-1.0
1.5707963267948966	2.407874999553994	0.13928793094345648	1.5707963267948966	-1.0
1.5707963267948966	2.4136981555384045	0.13766273778781382	1.5707963267948966	-1.0
1.5707963267948966	2.419521311522816	0.13605424193369847	1.5707963267948966	-1.0
1.5707963267948966	2.4253444675072275	0.1344633761935066	1.5707963267948966	-1.0
1.5707963267948966	2.431167623491638	0.1328884726510169	1.5707963267948966	-1.0
1.5707963267948966	2.4369907794760497	0.131327909323626	1.5707963267948966	-1.0
1.5707963267948966	2.4428139354604603	0.12978391812965548	1.5707963267948966	-1.0
1.5707963267948966	2.448637091444872	0.12825488418985426	1.5707963267948966	-1.0
1.5707963267948966	2.4544602474292825	0.1267404911336805	1.5707963267948966	-1.0
1.5707963267948966	2.460283403413694	0.1252416722999266	1.5707963267948966	-1.0
1.5707963267948966	2.4661065593981046	0.12375562869780915	1.5707963267948966	-1.0
1.5707963267948966	2.471929715382516	0.12228331899746099	1.5707963267948966	-1.0
1.5707963267948966	2.477752871366927	0.12082567353625523	1.5707963267948966	-1.0
1.5707963267948966	2.4835760273513383	0.11938117865712072	1.5707963267948966	-1.0
1.5707963267948966	2.489399183335749	0.11794955907744133	1.5707963267948966	-1.0
1.5707963267948966	2.4952223393201605	0.11652935974259448	1.5707963267948966	-1.0
1.5707963267948966	2.501045495304572	0.11512270948783718	1.5707963267948966	-1.0
1.5707963267948966	2.5068686512889826	0.11372932711812687	1.5707963267948966	-1.0
1.5707963267948966	2.512691807273394	0.11234661279219488	1.5707963267948966	-1.0
1.5707963267948966	2.5185149632578048	0.11097550516102252	1.5707963267948966	-1.0
1.5707963267948966	2.5243381192422163	0.10961576820017316	1.5707963267948966	-1.0
1.5707963267948966	2.530161275226627	0.10826830560420021	1.5707963267948966	-1.0
1.5707963267948966	2.5359844312110384	0.1069306140993798	1.5707963267948966	-1.0
1.5707963267948966	2.541807587195449	0.10560473256540946	1.5707963267948966	-1.0
1.5707963267948966	2.5476307431798606	0.10428931138711889	1.5707963267948966	-1.0
1.5707963267948966	2.5534538991642712	0.10298414001274976	1.5707963267948966	-1.0
1.5707963267948966	2.5592770551486828	0.10168901294616396	1.5707963267948966	-1.0
1.5707963267948966	2.5651002111330934	0.10040372902881294	1.5707963267948966	-1.0
1.5707963267948966	2.570923367117505	0.09912809136726307	1.5707963267948966	-1.0
1.5707963267948966	2.5767465231019155	0.09786190780316067	1.5707963267948966	-1.0
1.5707963267948966	2.582569679086327	0.09660498890981155	1.5707963267948966	-1.0
1.5707963267948966	2.5883928350707386	0.09535715256911556	1.5707963267948966	-1.0
1.5707963267948966	2.594215991055149	0.09411924461194586	1.5707963267948966	-1.0
1.5707963267948966	2.6000391470395607	0.09288902319922086	1.5707963267948966	-1.0
1.5707963267948966	2.6058623030239714	0.09166836155004257	1.5707963267948966	-1.0
1.5707963267948966	2.611685459008383	0.09045506345264606	1.5707963267948966	-1.0
1.5707963267948966	2.6175086149927935	0.08925097079374968	1.5707963267948966	-1.0
1.5707963267948966	2.623331770977205	0.08805491153320877	1.5707963267948966	-1.0
1.5707963267948966	2.6291549269616157	0.08686672706660706	1.5707963267948966	-1.0
1.5707963267948966	2.634978082946027	0.0856862611149372	1.5707963267948966	-1.0
1.5707963267948966	2.640801238930438	0.08451241144981773	1.5707963267948966	-1.0
1.5707963267948966	2.6466243949148494	0.0833478758772425	1.5707963267948966	-1.0
1.5707963267948966	2.65244755089926	0.08218965956542443	1.5707963267948966	-1.0
1.5707963267948966	2.6582707068836715	0.08103856716101501	1.5707963267948966	-1.0
1.5707963267948966	2.664093862868083	0.0798944581809699	1.5707963267948966	-1.0
1.5707963267948966	2.6699170188524937	0.07875719260511843	1.5707963267948966	-1.0
1.5707963267948966	2.675740174836905	0.07762752206752255	1.5707963267948966	-1.0
1.5707963267948966	2.681563330821316	0.07650352840161793	1.5707963267948966	-1.0
1.5707963267948966	2.6873864868057273	0.07538684384055397	1.5707963267948966	-1.0
1.5707963267948966	2.693209642790138	0.07427559557730519	1.5707963267948966	-1.0
1.5707963267948966	2.6990327987745495	0.07317138211149275	1.5707963267948966	-1.0
1.5707963267948966	2.70485595475896	0.07207237448537217	1.5707963267948966	-1.0
1.5707963267948966	2.7106791107433716	0.0709801330531394	1.5707963267948966	-1.0
1.5707963267948966	2.7165022667277823	0.06989369201483153	1.5707963267948966	-1.0
1.5707963267948966	2.722325422712194	0.06881293301675698	1.5707963267948966	-1.0
1.5707963267948966	2.7281485786966044	0.06773774007494361	1.5707963267948966	-1.0
1.5707963267948966	2.733971734681016	0.06666799930086903	1.5707963267948966	-1.0
1.5707963267948966	2.7397948906654266	0.06560359909508054	1.5707963267948966	-1.0
1.5707963267948966	2.745618046649838	0.0645444286227094	1.5707963267948966	-1.0
1.5707963267948966	2.7514412026342496	0.0634903794983729	1.5707963267948966	-1.0
1.5707963267948966	2.7572643586186603	0.062441345281143874	1.5707963267948966	-1.0
1.5707963267948966	2.763087514603072	0.0613972209888458	1.5707963267948966	-1.0
1.5707963267948966	2.7689106705874824	0.06035862235237832	1.5707963267948966	-1.0
1.5707963267948966	2.774733826571894	0.05932399852153449	1.5707963267948966	-1.0
1.5707963267948966	2.7805569825563046	0.05829397921351618	1.5707963267948966	-1.0
1.5707963267948966	2.786380138540716	0.0572691531898897	1.5707963267948966	-1.0
1.5707963267948966	2.7922032945251267	0.05624803798435608	1.5707963267948966	-1.0
1.5707963267948966	2.7980264505095382	0.05523190117388681	1.5707963267948966	-1.0
1.5707963267948966	2.803849606493949	0.0542193060525248	1.5707963267948966	-1.0
1.5707963267948966	2.8096727624783604	0.05321148211060491	1.5707963267948966	-1.0
1.5707963267948966	2.815495918462771	0.0522076696098034	1.5707963267948966	-1.0
1.5707963267948966	2.8213190744471826	0.05120715697911891	1.5707963267948966	-1.0
1.5707963267948966	2.827142230431594	0.05021110993417238	1.5707963267948966	-1.0
1.5707963267948966	2.8329653864160047	0.04921880727220407	1.5707963267948966	-1.0
1.5707963267948966	2.8387885424004162	0.04823016326389951	1.5707963267948966	-1.0
1.5707963267948966	2.844611698384827	0.047245091129178546	1.5707963267948966	-1.0
1.5707963267948966	2.8504348543692384	0.04626350661387169	1.5707963267948966	-1.0
1.5707963267948966	2.856258010353649	0.045285326242371	1.5707963267948966	-1.0
1.5707963267948966	2.8620811663380605	0.04431046737908724	1.5707963267948966	-1.0
1.5707963267948966	2.867904322322471	0.04333884938813325	1.5707963267948966	-1.0
1.5707963267948966	2.8737274783068827	0.04237039110643177	1.5707963267948966	-1.0
1.5707963267948966	2.8795506342912933	0.04140501311393542	1.5707963267948966	-1.0
1.5707963267948966	2.885373790275705	0.040443137586155	1.5707963267948966	-1.0
1.5707963267948966	2.8911969462601155	0.039483674489816586	1.5707963267948966	-1.0
1.5707963267948966	2.897020102244527	0.038527058580015525	1.5707963267948966	-1.0
1.5707963267948966	2.9028432582289385	0.037573681339645844	1.5707963267948966	-1.0
1.5707963267948966	2.908666414213349	0.03662252221559898	1.5707963267948966	-1.0
1.5707963267948966	2.9144895701977607	0.03567398474289026	1.5707963267948966	-1.0
1.5707963267948966	2.9203127261821713	0.03472842930880947	1.5707963267948966	-1.0
1.5707963267948966	2.926135882166583	0.033785326662648614	1.5707963267948966	-1.0
1.5707963267948966	2.9319590381509935	0.03284419391093446	1.5707963267948966	-1.0
1.5707963267948966	2.937782194135405	0.031905792716193544	1.5707963267948966	-1.0
1.5707963267948966	2.9436053501198156	0.03096924107892682	1.5707963267948966	-1.0
1.5707963267948966	2.949428506104227	0.030035258759532262	1.5707963267948966	-1.0
1.5707963267948966	2.9552516620886378	0.02910337480244319	1.5707963267948966	-1.0
1.5707963267948966	2.9610748180730493	0.028173520703329076	1.5707963267948966	-1.0
1.5707963267948966	2.96689797405746	0.02724562813600226	1.5707963267948966	-1.0
1.5707963267948966	2.9727211300418714	0.026319297396449906	1.5707963267948966	-1.0
1.5707963267948966	2.978544286026282	0.025395136468459898	1.5707963267948966	-1.0
1.5707963267948966	2.9843674420106936	0.024472735271415417	1.5707963267948966	-1.0
1.5707963267948966	2.990190597995105	0.023552027550737566	1.5707963267948966	-1.0
1.5707963267948966	2.9960137539795157	0.02263294751454014	1.5707963267948966	-1.0
1.5707963267948966	3.0018369099639273	0.021715429644074715	1.5707963267948966	-1.0
1.5707963267948966	3.007660065948338	0.020799409819166306	1.5707963267948966	-1.0
1.5707963267948966	3.0134832219327494	0.019885075156684116	1.5707963267948966	-1.0
1.5707963267948966	3.01930637791716	0.018971845648131265	1.5707963267948966	-1.0
1.5707963267948966	3.0251295339015716	0.018059921336113227	1.5707963267948966	-1.0
1.5707963267948966	3.030952689885982	0.017149238870939096	1.5707963267948966	-1.0
1.5707963267948966	3.0367758458703937	0.01623994194335266	1.5707963267948966	-1.0
1.5707963267948966	3.0425990018548044	0.015331543148758004	1.5707963267948966	-1.0
1.5707963267948966	3.048422157839216	0.014424198110549836	1.5707963267948966	-1.0
1.5707963267948966	3.0542453138236265	0.013518017125349436	1.5707963267948966	-1.0
1.5707963267948966	3.060068469808038	0.012612582254334601	1.5707963267948966	-1.0
1.5707963267948966	3.0658916257924496	0.01170816506633098	1.5707963267948966	-1.0
1.5707963267948966	3.07171478177686	0.010804394007953322	1.5707963267948966	-1.0
1.5707963267948966	3.0775379377612717	0.009901495221760197	1.5707963267948966	-1.0
1.5707963267948966	3.0833610937456823	0.008999143419511852	1.5707963267948966	-1.0
1.5707963267948966	3.089184249730094	0.00809751928626211	1.5707963267948966	-1.0
1.5707963267948966	3.0950074057145045	0.0071964357393243545	1.5707963267948966	-1.0
1.5707963267948966	3.100830561698916	0.0062957518666949585	1.5707963267948966	-1.0
1.5707963267948966	3.1066537176833267	0.005395579861570665	1.5707963267948966	-1.0
1.5707963267948966	3.112476873667738	0.00449576749752635	1.5707963267948966	-1.0
1.5707963267948966	3.118300029652149	0.003596254712412904	1.5707963267948966	-1.0
1.5707963267948966	3.1241231856365603	0.0026969814953943204	1.5707963267948966	-1.0
1.5707963267948966	3.129946341620971	0.001797887899008069	1.5707963267948966	-1.0
1.5707963267948966	3.1357694976053825	0.0008989140233338751	1.5707963267948966	-1.0
1.5707963267948966	3.141592653589793	1.8904282854247405e-17	1.5707963267948966	-1.0
